V
  -0.0175769      -0.5113     -1.48739
   0.0136367     -0.51636     -1.46985
   0.0450484    -0.520629     -1.45158
   0.0766651    -0.525113     -1.43111
    0.108054    -0.528943     -1.40887
    0.139052    -0.533132     -1.39233
    0.170259    -0.537334      -1.3813
    0.200899    -0.540784     -1.37376
    0.231195    -0.545439     -1.37517
   -0.199332    -0.456919     -1.46919
   -0.165885    -0.461958     -1.43479
   -0.133997    -0.465674     -1.42082
   -0.103923    -0.470548     -1.42373
  -0.0726251    -0.473379     -1.42769
  -0.0419454    -0.477305     -1.43122
  -0.0118238    -0.481928     -1.43072
   0.0194778    -0.486413     -1.41914
   0.0509211    -0.490724     -1.40036
   0.0825518    -0.494794     -1.37573
    0.113751    -0.498933     -1.35325
    0.144524    -0.503266     -1.33819
    0.175367    -0.507545     -1.32847
    0.205563    -0.511267     -1.32328
    0.235837    -0.515359     -1.32433
    0.265891    -0.520179     -1.33039
    0.296129    -0.524197     -1.34037
    0.479193    -0.547706     -1.43614
   -0.317986    -0.409441     -1.46469
   -0.285229    -0.413887     -1.44103
   -0.251955    -0.418742     -1.40497
   -0.217518    -0.423905     -1.35694
   -0.184586    -0.428779     -1.32087
    -0.15392    -0.432734      -1.3136
   -0.124585    -0.436687     -1.32546
  -0.0954692    -0.440308     -1.34648
  -0.0652462    -0.443215     -1.36807
  -0.0360151    -0.447278     -1.38339
 -0.00589052    -0.452075     -1.38793
   0.0251374     -0.45614     -1.37882
   0.0564752    -0.460539     -1.35928
   0.0879751    -0.465313     -1.33367
    0.118773    -0.469938     -1.31269
    0.149581      -0.4738     -1.29958
    0.180036     -0.47765     -1.29151
    0.210146    -0.481837     -1.28756
    0.240156     -0.48623     -1.28708
    0.270428    -0.490229      -1.2903
    0.300463    -0.494137     -1.29602
    0.330627    -0.497892     -1.30348
    0.360546    -0.501971      -1.3142
    0.390883    -0.506094     -1.32886
    0.421621    -0.510047     -1.34346
    0.451689    -0.514255     -1.35707
    0.481837     -0.51838     -1.37231
    0.512526     -0.52213      -1.3888
     0.54324    -0.525936     -1.40699
    0.573983    -0.529997     -1.42287
    0.604431    -0.534565     -1.43628
    0.635236    -0.538411     -1.44817
    0.665803     -0.54248     -1.45856
    0.696627     -0.54631     -1.46906
     0.72687    -0.550141     -1.47906
     0.75753    -0.554241     -1.49068
   -0.435115    -0.362275     -1.44523
    -0.40259    -0.367355     -1.42493
   -0.370416    -0.371869     -1.40488
   -0.338029    -0.376273     -1.38423
   -0.305377    -0.381239     -1.36211
   -0.272791    -0.385605     -1.33292
   -0.239495    -0.390699     -1.29262
   -0.206561    -0.395505     -1.25688
   -0.175864    -0.400024     -1.24381
   -0.146725    -0.404072     -1.25376
   -0.118311    -0.407724     -1.27477
  -0.0884182    -0.410765     -1.30163
  -0.0595765    -0.414223     -1.32791
  -0.0302759    -0.417956     -1.34653
-0.000210956    -0.422172     -1.35103
   0.0306833    -0.426263     -1.34258
   0.0617621    -0.430783     -1.32484
   0.0928644    -0.435303     -1.30323
    0.123633    -0.439736     -1.28402
    0.154324    -0.443826     -1.27177
    0.184572    -0.448356     -1.26394
    0.214621    -0.452401     -1.25945
    0.244597    -0.456646     -1.25695
    0.274788    -0.460827     -1.25712
    0.304715    -0.464554     -1.25831
    0.334705    -0.468559     -1.26126
    0.364439    -0.472838     -1.26736
    0.394687    -0.476988     -1.27879
    0.424737    -0.480813     -1.29115
    0.454869    -0.484523     -1.30427
    0.485035    -0.488633     -1.31913
    0.515269    -0.492848     -1.33384
    0.545724    -0.496174     -1.34704
    0.575963    -0.500292     -1.35829
    0.606288    -0.503969     -1.36823
    0.636465    -0.508146     -1.37794
    0.666918    -0.511929     -1.38874
    0.697359    -0.516194     -1.40025
    0.727825     -0.52021     -1.41258
    0.758188    -0.524808     -1.42604
    0.788815    -0.528542     -1.43986
    0.819585    -0.532619     -1.45747
    0.850422     -0.53672     -1.47764
    -0.52226    -0.319854     -1.44272
   -0.489362    -0.324701     -1.41626
   -0.456607    -0.329648     -1.39201
    -0.42382    -0.333783     -1.36975
   -0.391814    -0.338783     -1.34976
   -0.359608    -0.343302     -1.32964
   -0.327361     -0.34788     -1.30915
   -0.295974    -0.352829     -1.29027
   -0.263926    -0.357546      -1.2624
   -0.230595    -0.362541     -1.22464
   -0.198903    -0.367024     -1.20087
    -0.16915    -0.370748     -1.19942
   -0.140479    -0.374626     -1.21495
   -0.112375    -0.378448     -1.23815
   -0.082448    -0.381419     -1.26737
  -0.0542385    -0.384599     -1.29388
  -0.0251839    -0.389166     -1.31196
  0.00519853    -0.393072       -1.317
   0.0359918    -0.397137     -1.30851
   0.0669262    -0.401349     -1.29429
   0.0975933    -0.405754      -1.2788
    0.128177    -0.410229     -1.26355
    0.158768    -0.414505     -1.25212
    0.188858    -0.419203     -1.24328
     0.21891    -0.423005     -1.23699
    0.248975    -0.427152     -1.23172
    0.279014    -0.431124     -1.22888
    0.308929    -0.435096     -1.22686
    0.338601    -0.439575     -1.22752
    0.368252    -0.443482     -1.23172
    0.398678    -0.447204     -1.24086
    0.428188    -0.451211     -1.25155
    0.458332    -0.454965     -1.26474
    0.488322    -0.458968     -1.27894
    0.518577    -0.463199     -1.29345
      0.5487    -0.466742     -1.30472
    0.578672    -0.470549     -1.31302
    0.608566    -0.474809     -1.31943
    0.638529    -0.478997     -1.32529
    0.668653    -0.482835     -1.33243
    0.698401    -0.487214     -1.34032
    0.728509    -0.490712     -1.35175
     0.75886    -0.495015     -1.36635
    0.789562    -0.498719     -1.38361
    0.820224    -0.503295     -1.40298
    0.850931    -0.506872     -1.42263
    0.882084    -0.510624     -1.44519
   -0.546646    -0.286203     -1.41655
   -0.513072    -0.290922     -1.38939
   -0.480302    -0.295657     -1.36514
   -0.447762    -0.300623     -1.34164
   -0.415205    -0.305162      -1.3193
   -0.383206    -0.310011     -1.29915
   -0.351672    -0.314699     -1.28113
   -0.319808      -0.3195     -1.26275
   -0.288442    -0.324044     -1.24272
   -0.256048    -0.329169     -1.21148
   -0.223321    -0.334095     -1.17925
   -0.192769     -0.33849     -1.16494
   -0.163356     -0.34211     -1.16851
   -0.134782    -0.345717     -1.18322
   -0.106095    -0.349258     -1.20622
  -0.0768504     -0.35237     -1.23208
  -0.0481151     -0.35624     -1.24928
  -0.0184858    -0.359897     -1.26505
   0.0109143    -0.363826     -1.27455
   0.0414774    -0.367705     -1.27196
   0.0718549    -0.372162     -1.26602
    0.102283    -0.375994     -1.25929
    0.132403    -0.380509     -1.25125
    0.163065    -0.385039     -1.24025
    0.193184    -0.389333     -1.22835
    0.223174    -0.393572     -1.21911
    0.253192    -0.398163     -1.21109
      0.2832    -0.402317     -1.20549
    0.313006    -0.405908      -1.2015
     0.34264    -0.410374     -1.20114
    0.372196    -0.414441     -1.20504
    0.402391    -0.418515     -1.21338
    0.432072    -0.422109     -1.22355
    0.461868    -0.425773     -1.23658
    0.491902      -0.4297     -1.25037
    0.521998    -0.433624     -1.26416
    0.551913    -0.437687     -1.27461
    0.581866    -0.441415     -1.28214
    0.611544    -0.445427      -1.2865
    0.641382    -0.449173     -1.28973
    0.671239    -0.453198     -1.29447
    0.700695     -0.45774     -1.30017
    0.730594    -0.461742     -1.30893
    0.760654    -0.465599     -1.32168
    0.791088    -0.469434     -1.33797
    0.821317    -0.473674     -1.35483
    0.851668    -0.477622     -1.37332
     0.88241    -0.481495     -1.39415
    0.913843    -0.485147     -1.41871
    0.945593    -0.489269     -1.44764
   -0.604396    -0.246892     -1.42564
   -0.571139    -0.251958      -1.3975
   -0.537466    -0.257041     -1.37176
   -0.505114    -0.261781     -1.34989
   -0.472707    -0.266927     -1.32772
    -0.44045    -0.271753     -1.30604
   -0.408241    -0.276599     -1.28517
   -0.376517     -0.28113     -1.26607
   -0.345022     -0.28591       -1.248
   -0.313103    -0.290618     -1.22828
   -0.281634    -0.295191     -1.20489
   -0.249065    -0.300663     -1.17256
   -0.217165    -0.305115      -1.1465
    -0.18686    -0.309617     -1.13595
   -0.157711    -0.313268     -1.14217
   -0.129614    -0.316878     -1.15758
   -0.100123     -0.32021     -1.17979
  -0.0712679    -0.324095     -1.19825
  -0.0423227    -0.327432     -1.21459
  -0.0131648     -0.33072     -1.23061
   0.0168433    -0.334977     -1.23267
   0.0469601    -0.338616     -1.23441
   0.0768504    -0.342477     -1.23917
    0.106775    -0.346695     -1.24137
    0.136727    -0.350983     -1.23963
     0.16723    -0.355285     -1.23105
    0.197342    -0.359861     -1.21737
    0.227355    -0.364331     -1.20527
    0.257444    -0.368671     -1.19425
    0.287312    -0.372786     -1.18638
    0.317084    -0.376814      -1.1813
    0.346654    -0.381061     -1.18024
    0.376225    -0.385111     -1.18429
    0.406264    -0.389033     -1.19219
    0.435778    -0.392612     -1.20234
    0.465582    -0.396781     -1.21534
    0.495488    -0.400083     -1.22928
    0.525657    -0.404109     -1.24277
    0.555344    -0.408578     -1.25111
    0.584925    -0.412492     -1.25474
     0.61445    -0.416448     -1.25464
    0.644148    -0.420439     -1.25637
    0.673681    -0.424675     -1.26153
    0.703295    -0.428304      -1.2685
    0.733077    -0.432811     -1.27809
    0.763029    -0.436574     -1.29015
    0.793121    -0.440629     -1.30411
    0.822949    -0.444842     -1.31768
    0.853255     -0.44805     -1.33277
    0.883104    -0.452123     -1.34916
    0.914558     -0.45598      -1.3698
    0.944974    -0.459894      -1.3919
      0.9761    -0.463492     -1.41771
   -0.629552    -0.213051     -1.41609
   -0.595519    -0.217965     -1.38379
    -0.56314    -0.223032     -1.36002
   -0.529576    -0.228159      -1.3359
   -0.497889    -0.232804     -1.31671
   -0.465578    -0.237762     -1.29632
   -0.433723    -0.242443     -1.27712
   -0.401939    -0.247446     -1.25776
   -0.370242    -0.252193     -1.23863
   -0.338487    -0.256674     -1.21912
   -0.306777    -0.261707     -1.19795
   -0.275098    -0.266804     -1.17185
   -0.242712    -0.271894     -1.14174
   -0.211635    -0.276679     -1.12179
   -0.181519    -0.281134     -1.11273
   -0.152441    -0.285023     -1.11938
    -0.12464    -0.288104     -1.13732
  -0.0949745    -0.291222      -1.1596
  -0.0667839    -0.294804     -1.18014
  -0.0374672    -0.297665     -1.19921
 -0.00826005    -0.301501     -1.20909
   0.0218408     -0.30563     -1.20672
   0.0520513    -0.309967     -1.20623
   0.0815938    -0.313396     -1.21556
    0.111197    -0.317577     -1.22389
    0.141101     -0.32185     -1.22532
     0.17142    -0.325809     -1.22025
    0.201458    -0.330268     -1.20754
    0.231582    -0.334911     -1.19181
    0.261647    -0.339354     -1.17859
    0.291492    -0.343376     -1.16952
    0.321155    -0.347684     -1.16354
    0.350605    -0.352037     -1.16295
    0.380271    -0.356252     -1.16768
     0.40999    -0.359989     -1.17554
    0.439652    -0.363706     -1.18653
     0.46945     -0.36738     -1.19959
    0.499236    -0.371345     -1.21321
    0.529199    -0.375253      -1.2226
    0.558589    -0.379471      -1.2226
     0.58793    -0.383375     -1.22056
    0.617063    -0.387924      -1.2195
    0.646958    -0.391731     -1.22428
    0.676475    -0.395754     -1.23358
     0.70626    -0.399361     -1.24425
    0.736051    -0.403569     -1.25497
    0.765869    -0.407548     -1.26644
     0.79573    -0.411547     -1.27837
    0.825555    -0.415229     -1.28984
     0.85538     -0.41934     -1.30248
    0.884987    -0.422842     -1.31562
    0.915979    -0.426802     -1.33189
    0.945454    -0.431084     -1.34711
    0.975447    -0.434835     -1.36304
     1.00601    -0.438259     -1.38457
     1.03795    -0.441866     -1.41805
   -0.655603    -0.178311     -1.41238
   -0.620966    -0.183862     -1.37519
   -0.587578    -0.189136     -1.34838
   -0.555448    -0.194116       -1.327
   -0.522431    -0.199191     -1.30503
   -0.490705    -0.204037     -1.28694
   -0.458913    -0.208949     -1.26833
   -0.427173     -0.21372      -1.2505
   -0.395542     -0.21859     -1.23151
   -0.364014    -0.223301      -1.2125
    -0.33222    -0.228056     -1.19211
   -0.300717    -0.233182     -1.17044
   -0.268893    -0.238304     -1.14395
   -0.237054    -0.243279     -1.11798
   -0.206502    -0.248062     -1.10346
   -0.176858    -0.252176     -1.09612
   -0.147301    -0.255998     -1.10163
   -0.119706    -0.258855     -1.12223
   -0.090088    -0.262008     -1.14501
  -0.0621021    -0.265387     -1.16844
  -0.0329726    -0.268058      -1.1874
 -0.00334357    -0.272418     -1.19191
   0.0264356    -0.276851      -1.1896
    0.056626    -0.280916     -1.18778
   0.0861347    -0.284342     -1.19746
    0.115647    -0.288038     -1.20787
    0.145521    -0.291968     -1.21048
    0.175645     -0.29629     -1.20798
    0.205648    -0.300812     -1.19599
    0.235813    -0.305451     -1.17743
    0.265883     -0.31023     -1.16277
    0.295562    -0.314658     -1.15344
     0.32508    -0.318698     -1.14815
    0.354481    -0.322983     -1.14853
    0.384271    -0.326865     -1.15494
     0.41399    -0.330876     -1.16403
    0.443604    -0.334329      -1.1757
    0.473323    -0.337975       -1.188
    0.502824    -0.342304      -1.1961
    0.532499    -0.346162      -1.1956
    0.561729    -0.350597     -1.18932
    0.590795    -0.355159     -1.18566
    0.620034    -0.358935     -1.18686
    0.649849    -0.362717     -1.19708
    0.679674    -0.366421     -1.21202
    0.709484    -0.370066     -1.22574
    0.739189    -0.374222     -1.23625
    0.768878    -0.378545       -1.246
    0.798479    -0.382532     -1.25518
    0.827985    -0.386635     -1.26459
    0.857584    -0.390418     -1.27638
    0.887426    -0.394123     -1.28986
    0.918029    -0.397997     -1.30462
    0.947253    -0.401962       -1.316
    0.976651    -0.406047     -1.32562
     1.00609     -0.40997     -1.33605
     1.03608    -0.413476     -1.35269
     1.06722    -0.416925     -1.37966
   -0.646609     -0.14999     -1.37221
   -0.613055    -0.155506     -1.34048
   -0.580493    -0.160494      -1.3182
   -0.548169    -0.165466     -1.29806
    -0.51585    -0.170393     -1.27876
   -0.484345    -0.175167     -1.26215
   -0.452752    -0.180168     -1.24429
   -0.420942    -0.185039     -1.22602
   -0.389384    -0.189785     -1.20689
   -0.358002    -0.194542     -1.18775
    -0.32602    -0.199398     -1.16627
   -0.294697    -0.204573     -1.14464
   -0.263179    -0.209784     -1.12051
   -0.231771    -0.214667     -1.09854
   -0.201536    -0.219254     -1.08641
   -0.171783    -0.223415     -1.07899
   -0.142484    -0.227089     -1.08676
   -0.115209    -0.229887     -1.11246
  -0.0855204    -0.232912     -1.13608
  -0.0577086    -0.235344     -1.16055
  -0.0287137    -0.238787     -1.18072
 0.000780762    -0.242823     -1.18432
   0.0310099    -0.247412     -1.17899
   0.0610572    -0.251454     -1.17608
   0.0904672    -0.255254      -1.1854
    0.120057     -0.25889      -1.1945
    0.149928    -0.262781     -1.19769
    0.179933    -0.266768     -1.19545
    0.209981    -0.271425     -1.18098
    0.239941    -0.276629     -1.16208
     0.26992    -0.281206     -1.14757
    0.299608    -0.285422     -1.13872
    0.329126    -0.289688     -1.13558
    0.358448    -0.293904     -1.13783
    0.388338    -0.297389     -1.14622
     0.41795    -0.301355     -1.15741
    0.447469    -0.305148     -1.16879
    0.476976    -0.309018     -1.17518
    0.506385    -0.313386     -1.17382
    0.535738    -0.317925     -1.16555
    0.564675    -0.322323     -1.15704
    0.593932    -0.326565     -1.15476
    0.623136    -0.330413     -1.16053
    0.653034    -0.334451     -1.17621
    0.683077    -0.337725     -1.19627
    0.712862     -0.34161     -1.21073
    0.742155    -0.345322     -1.21714
    0.771699    -0.349594     -1.22349
    0.801024    -0.353425     -1.23036
    0.830457    -0.357335     -1.23939
    0.859956     -0.36119     -1.25091
    0.889924    -0.365196     -1.26493
    0.919976    -0.369185     -1.27857
     0.94907    -0.372936     -1.28712
     0.97811    -0.377265     -1.29272
     1.00676    -0.381227     -1.29728
     1.03603    -0.385475     -1.30594
     1.06547    -0.389262     -1.31961
   -0.673776    -0.115278     -1.37715
   -0.638582    -0.121468     -1.33935
    -0.60587    -0.126974     -1.31205
   -0.573742    -0.131772     -1.29218
   -0.541293    -0.136857     -1.27254
    -0.50963    -0.141758     -1.25541
    -0.47805      -0.1462     -1.23948
    -0.44664    -0.150972     -1.22228
   -0.414901    -0.156158      -1.2039
   -0.383473    -0.161246     -1.18464
   -0.352061    -0.165937     -1.16476
   -0.320108    -0.171102      -1.1422
   -0.288875    -0.175966     -1.12086
   -0.257747    -0.181121      -1.0999
    -0.22677    -0.186073     -1.08177
   -0.196653    -0.190652     -1.07054
   -0.166728    -0.195041     -1.06287
   -0.137984    -0.198257     -1.07473
   -0.110791    -0.200824     -1.10513
  -0.0813428    -0.203431     -1.13162
  -0.0536053    -0.206753     -1.15696
  -0.0249816    -0.208968     -1.17771
  0.00493414     -0.21279     -1.18053
   0.0352155    -0.217573     -1.17298
   0.0652147    -0.221746     -1.16964
   0.0947849    -0.225516     -1.17762
    0.124349    -0.229637     -1.18394
    0.154169     -0.23322     -1.18592
    0.184328    -0.237563     -1.17899
    0.214356    -0.242643      -1.1622
    0.244173    -0.247512     -1.14575
    0.274045     -0.25254     -1.13351
    0.303648    -0.256587     -1.12683
    0.333244    -0.260554      -1.1261
    0.362501    -0.264644     -1.13138
    0.392323    -0.268161     -1.14196
    0.421965    -0.272048     -1.15345
    0.451374    -0.276133     -1.15874
    0.480657    -0.280123     -1.15408
    0.509797    -0.284924       -1.146
     0.53894    -0.289908     -1.13582
    0.567763    -0.294215      -1.1283
    0.596878    -0.298124     -1.12781
    0.626331    -0.301916     -1.13716
     0.65628    -0.305461     -1.15766
    0.686975     -0.30845     -1.18516
    0.716277    -0.312143     -1.19748
    0.744899    -0.316417     -1.19389
    0.774222    -0.320965     -1.19583
    0.803419     -0.32528     -1.20242
    0.832999    -0.328341     -1.21311
    0.862216     -0.33234     -1.22564
     0.89254    -0.336229     -1.24048
    0.922074    -0.340383     -1.25292
    0.950903    -0.344434     -1.25951
    0.979487    -0.348586       -1.262
     1.00806    -0.352702     -1.26432
     1.03677    -0.357317     -1.26894
     1.06548    -0.360978      -1.2765
     1.09517    -0.364938     -1.29287
   -0.700786   -0.0804301     -1.38395
   -0.666359    -0.086419     -1.34724
   -0.631573   -0.0922902     -1.31309
   -0.599113   -0.0978221     -1.28827
   -0.567386    -0.102732     -1.26954
   -0.534778    -0.107898     -1.25047
   -0.503648    -0.112591     -1.23493
   -0.471955    -0.117561     -1.21826
   -0.440788    -0.122281     -1.20176
   -0.409281    -0.127434     -1.18386
   -0.377747     -0.13244     -1.16408
   -0.346249    -0.137415     -1.14321
   -0.314302    -0.142494     -1.12062
   -0.283359    -0.147497     -1.10064
   -0.252464    -0.152703     -1.08149
   -0.221728    -0.157493     -1.06613
   -0.191893    -0.161768     -1.05685
   -0.162237    -0.166263     -1.05147
   -0.134011    -0.169355     -1.06761
   -0.106573    -0.171604     -1.10077
  -0.0772649    -0.173511     -1.13114
  -0.0496155    -0.175684     -1.15687
  -0.0205569     -0.17913       -1.174
  0.00909966    -0.183265     -1.17723
   0.0390869    -0.188173     -1.17169
   0.0691747    -0.192127      -1.1685
   0.0988693    -0.195683     -1.17322
    0.128539    -0.200112     -1.17533
    0.158335    -0.204286     -1.17183
    0.188782    -0.208691      -1.1592
    0.218518    -0.213914      -1.1441
    0.248412    -0.218911     -1.13018
    0.278171     -0.22309     -1.12128
    0.307628    -0.227741     -1.11864
    0.337152    -0.231737     -1.12027
    0.366482    -0.235222     -1.12787
    0.396319    -0.238702     -1.13921
    0.425804    -0.242983     -1.14491
    0.455047    -0.247516     -1.14022
    0.484145     -0.25152     -1.12858
    0.513346    -0.256546     -1.11799
    0.542082    -0.261607     -1.10708
    0.571056     -0.26602     -1.10041
    0.599789    -0.269842     -1.09976
    0.629243    -0.273824     -1.10926
    0.659117    -0.277568     -1.13226
    0.690277     -0.27994      -1.1662
    0.719595    -0.283069     -1.17657
    0.747413    -0.288709     -1.16317
    0.775858    -0.293108     -1.15946
    0.805374    -0.296377     -1.16704
    0.834966    -0.300688     -1.18198
    0.864178    -0.304355      -1.1983
    0.895007    -0.307624     -1.21604
    0.924207     -0.31202     -1.22902
    0.953017    -0.315964     -1.23508
    0.981322    -0.320219     -1.23563
     1.00957      -0.3246     -1.23551
     1.03779    -0.329007     -1.23748
     1.06642    -0.332983     -1.24352
     1.09573    -0.336523     -1.25743
     1.12593    -0.340547      -1.2815
   -0.693617   -0.0513391     -1.35759
   -0.659217   -0.0579107     -1.32224
   -0.625273   -0.0636096     -1.29062
   -0.592614   -0.0691393     -1.26705
   -0.561275   -0.0735268     -1.24954
    -0.52887   -0.0790236     -1.23164
   -0.497859   -0.0835471     -1.21687
   -0.466238   -0.0886213     -1.19983
   -0.434991   -0.0933542      -1.1832
   -0.403543   -0.0984752     -1.16516
   -0.372118    -0.103845     -1.14501
   -0.340644    -0.108698     -1.12359
   -0.309011    -0.114138     -1.10181
   -0.278155    -0.119252     -1.08291
   -0.247364    -0.124103     -1.06529
    -0.21689     -0.12879       -1.052
   -0.187147    -0.133509     -1.04297
   -0.157416    -0.137587     -1.03825
   -0.129912    -0.140486     -1.05896
   -0.102441    -0.142622     -1.09625
  -0.0734106    -0.143887     -1.13184
  -0.0456533    -0.146488     -1.15768
  -0.0168125    -0.150244     -1.17579
   0.0126263    -0.153671     -1.18182
    0.043054     -0.15778     -1.17339
   0.0732735    -0.162275      -1.1678
    0.102915    -0.166672     -1.16806
    0.132807    -0.170724      -1.1637
    0.162926     -0.17538     -1.15349
     0.19304    -0.180339     -1.14005
    0.222862    -0.184802     -1.12731
    0.252591    -0.189812     -1.11528
    0.282308    -0.194268     -1.10913
    0.311721    -0.198324     -1.10944
    0.341166    -0.202349       -1.115
    0.370543    -0.205633     -1.12447
    0.400181    -0.209674     -1.13147
    0.429723    -0.214312     -1.12884
    0.458806     -0.21907     -1.11783
    0.487699    -0.223678     -1.10418
     0.51675    -0.228247     -1.09208
    0.545358    -0.233416     -1.07981
    0.574086    -0.237597     -1.07209
    0.602676    -0.241988      -1.0709
    0.632359    -0.245645     -1.08158
    0.661934    -0.248866     -1.10618
    0.693005    -0.251218     -1.14057
    0.721755    -0.255982      -1.1446
    0.749311    -0.260667     -1.12713
    0.777643    -0.265168     -1.12127
    0.806581    -0.269094     -1.12785
    0.836579    -0.273086     -1.14666
    0.866343    -0.276484     -1.16974
    0.897364    -0.279677     -1.19222
    0.926508    -0.283441     -1.20646
    0.955239    -0.287531     -1.21219
    0.983403     -0.29199     -1.21153
     1.01137    -0.296515     -1.21018
     1.03955    -0.300586     -1.21141
     1.06786    -0.304699     -1.21734
     1.09719    -0.308637     -1.23077
     1.12713    -0.312315      -1.2535
     1.15892    -0.315433     -1.28583
   -0.720971   -0.0164806     -1.37001
   -0.686954   -0.0226464      -1.3352
   -0.652502   -0.0287656     -1.30049
   -0.618941     -0.03458     -1.27082
   -0.586713   -0.0400227      -1.2491
   -0.555431   -0.0447361     -1.23226
   -0.523251   -0.0499795     -1.21544
   -0.492231   -0.0547457     -1.20053
   -0.460735   -0.0597617     -1.18352
   -0.429579   -0.0646777      -1.1672
   -0.398231     -0.06983     -1.14894
   -0.366815   -0.0750296     -1.12839
   -0.335241   -0.0804667     -1.10654
   -0.303712   -0.0857211     -1.08502
   -0.272937   -0.0907296     -1.06669
   -0.242402   -0.0956529     -1.05013
   -0.212047    -0.100252     -1.03801
   -0.182287     -0.10499       -1.029
   -0.152762    -0.108938     -1.02647
   -0.125533    -0.111239     -1.04765
  -0.0977355    -0.113339     -1.08724
  -0.0693066    -0.114466     -1.12977
  -0.0418569    -0.116672     -1.15786
  -0.0130291     -0.11909     -1.18055
   0.0160299    -0.122661     -1.19133
   0.0470835    -0.128174     -1.17536
   0.0771924    -0.133101     -1.16488
    0.107141    -0.137099      -1.1578
    0.137166    -0.142428     -1.14538
    0.167413    -0.147171     -1.13234
    0.197283    -0.151979     -1.11977
    0.227153    -0.156259     -1.10728
    0.256766    -0.160929     -1.09717
    0.286395    -0.165583     -1.09458
     0.31575    -0.169285     -1.09737
    0.345084    -0.173203     -1.10322
    0.374392    -0.177168     -1.11049
    0.404199    -0.181275     -1.11514
    0.433433    -0.186169       -1.109
    0.462414    -0.190625     -1.09589
    0.491134    -0.195887     -1.08131
    0.519945    -0.200958     -1.06747
     0.54876    -0.205245     -1.05491
    0.577131    -0.210703     -1.04628
    0.605685    -0.214924     -1.04505
    0.635377    -0.218042     -1.05873
    0.664785    -0.220998     -1.08472
    0.695291    -0.225113     -1.11739
    0.724744    -0.228461     -1.11614
    0.751683    -0.232834     -1.09576
    0.779885    -0.237516     -1.08942
    0.808242    -0.241552     -1.09319
    0.837893    -0.244939     -1.11222
    0.868694    -0.248529     -1.14302
    0.899869    -0.251461     -1.17104
     0.92906    -0.255034     -1.18725
    0.957801    -0.259148     -1.19319
    0.985651    -0.263719     -1.19156
     1.01365    -0.267853     -1.18962
     1.04175    -0.272269     -1.19096
     1.07015    -0.276364     -1.19727
     1.09918     -0.28009     -1.20983
     1.12885    -0.283997     -1.23108
     1.16018    -0.287277     -1.26347
   -0.714362    0.0124567     -1.34804
   -0.680431   0.00662252     -1.31544
   -0.646409  1.64834e-05     -1.28228
   -0.613328   -0.0053895     -1.25476
   -0.581185   -0.0110322     -1.23396
    -0.54989   -0.0160039     -1.21726
   -0.517761    -0.020935     -1.20085
    -0.48688   -0.0255903     -1.18622
   -0.455417   -0.0309362     -1.16913
   -0.424322   -0.0357546     -1.15277
   -0.392915   -0.0410243     -1.13386
   -0.361506   -0.0463319     -1.11315
   -0.330026   -0.0519345     -1.09141
   -0.298652   -0.0571566     -1.07043
   -0.268103   -0.0622739     -1.05295
   -0.237547   -0.0670591     -1.03707
   -0.207242   -0.0717259     -1.02503
   -0.177523   -0.0763863     -1.01707
   -0.148499   -0.0799942     -1.01909
   -0.121011      -0.0825     -1.03753
  -0.0928686   -0.0841343     -1.07529
  -0.0650932   -0.0849072      -1.1235
  -0.0377043   -0.0873088     -1.15464
 -0.00890567   -0.0896923     -1.17737
   0.0200536   -0.0925167     -1.18946
    0.051123   -0.0984513     -1.17245
   0.0813762    -0.103093      -1.1568
    0.111687     -0.10884     -1.13883
    0.141785    -0.114015     -1.11944
    0.172039    -0.118785     -1.10342
    0.201878    -0.124056     -1.08894
    0.231421    -0.128938     -1.07655
    0.261035    -0.133487     -1.07015
    0.290366    -0.137762     -1.06489
    0.319487    -0.142965     -1.04145
    0.348797    -0.148826     -1.02317
    0.377889    -0.152699     -1.03168
    0.407555     -0.15522     -1.06103
    0.437268    -0.158113     -1.08032
      0.4659    -0.162956     -1.07283
    0.494662    -0.167739     -1.05622
     0.52336    -0.172919     -1.04102
    0.551946    -0.177578     -1.02995
    0.580389    -0.182163     -1.02273
     0.60901     -0.18663     -1.02341
    0.638429    -0.189769     -1.03766
    0.666708    -0.192248     -1.06354
    0.697858    -0.194459     -1.10027
    0.730172    -0.199779     -1.10155
    0.754626    -0.204913     -1.07495
    0.782396    -0.209782     -1.06541
    0.810695    -0.213888     -1.06714
    0.839602    -0.217626     -1.08396
    0.871435     -0.22028     -1.12004
    0.902699    -0.222837     -1.15501
    0.932122    -0.226494      -1.1733
    0.960773    -0.230698     -1.17914
    0.988442    -0.235377     -1.17595
     1.01628     -0.23982     -1.17291
     1.04409    -0.244314     -1.17373
     1.07254    -0.248407     -1.18074
     1.10144    -0.252076     -1.19335
     1.13136    -0.255798     -1.21428
     1.16208     -0.25934     -1.24445
     1.19491    -0.261433     -1.28362
   -0.742943     0.048434     -1.36349
   -0.708352    0.0414132     -1.32897
   -0.674711    0.0354355     -1.29914
   -0.640658    0.0292059     -1.26727
   -0.607853    0.0234557     -1.24089
    -0.57569    0.0179762     -1.22047
   -0.544405    0.0131639      -1.2038
    -0.51248    0.0079851     -1.18762
   -0.481747   0.00310664     -1.17351
   -0.450458  -0.00214774     -1.15694
   -0.419291  -0.00713298     -1.13998
   -0.387752   -0.0122668     -1.12002
   -0.356447   -0.0175553     -1.09946
   -0.325074   -0.0232225     -1.07836
    -0.29381   -0.0285903     -1.05786
   -0.263208   -0.0335796     -1.04068
   -0.232946   -0.0386988     -1.02605
   -0.202763    -0.043411      -1.0155
   -0.173173   -0.0477445     -1.00919
   -0.144156   -0.0513389     -1.01178
   -0.116239   -0.0542309     -1.02638
  -0.0882154   -0.0559266     -1.06143
  -0.0609723   -0.0564135     -1.11161
  -0.0334318   -0.0581919     -1.14693
 -0.00446411   -0.0608989     -1.16656
   0.0250409   -0.0644581     -1.17094
    0.055479   -0.0695022     -1.15619
   0.0860205   -0.0753312     -1.13254
     0.11654   -0.0813536     -1.10335
    0.146784     -0.08701     -1.07754
    0.176994   -0.0923928     -1.05708
    0.206597   -0.0977534     -1.04182
    0.235983    -0.102472     -1.03055
    0.265149    -0.106929     -1.01914
     0.29461    -0.113773    -0.979429
    0.323775    -0.121767    -0.929376
    0.352549    -0.126267    -0.921646
    0.381627    -0.128883    -0.952113
    0.410751    -0.129574      -1.0026
    0.440533    -0.130303     -1.04368
    0.469354    -0.134922     -1.04427
    0.498033    -0.140242     -1.02781
     0.52675    -0.145156     -1.01451
     0.55513    -0.149929     -1.00592
    0.583621    -0.154391     -1.00179
    0.612475    -0.159128     -1.00543
    0.641457    -0.162243     -1.01896
    0.671267    -0.164526     -1.04623
    0.703463     -0.16485      -1.0982
     0.73173     -0.16948     -1.10244
    0.757693    -0.177164      -1.0616
    0.785417    -0.182137     -1.04845
    0.813599    -0.186164     -1.04919
     0.84231    -0.190247     -1.06413
    0.874218    -0.192013     -1.10215
    0.906002    -0.194152     -1.14439
    0.935511    -0.197665     -1.16409
    0.963799    -0.202262     -1.16687
    0.991221    -0.207098     -1.16191
     1.01922     -0.21137     -1.15945
     1.04703    -0.215565      -1.1607
     1.07534    -0.220109     -1.16746
     1.10415    -0.223848     -1.17998
      1.1341    -0.227258     -1.20083
     1.16468    -0.230509     -1.22955
     1.19707    -0.233078     -1.27045
   -0.735856    0.0765265     -1.34228
   -0.702067    0.0705719     -1.31076
   -0.668659    0.0642647     -1.28266
   -0.635145    0.0582224      -1.2534
   -0.602606    0.0523321      -1.2286
   -0.570525    0.0470914     -1.20833
   -0.539271    0.0420446     -1.19175
   -0.507578    0.0370781     -1.17618
   -0.476684    0.0320651     -1.16191
   -0.445602    0.0269582     -1.14596
   -0.414251    0.0218864     -1.12863
   -0.382802    0.0162436     -1.10807
   -0.351585    0.0109511     -1.08774
   -0.320285   0.00565671     -1.06719
    -0.28911  0.000115995     -1.04727
   -0.258513  -0.00504849     -1.03019
    -0.22835  -0.00999785     -1.01678
   -0.198507   -0.0144384     -1.00894
   -0.169028   -0.0187821     -1.00411
   -0.139936   -0.0225372     -1.00603
   -0.111781   -0.0255319     -1.01713
  -0.0831234   -0.0274465     -1.04452
  -0.0559965   -0.0281675      -1.0886
  -0.0287132   -0.0291101     -1.12887
 0.000102203   -0.0314998      -1.1486
   0.0298907   -0.0360451     -1.14529
   0.0604442   -0.0419074     -1.12155
   0.0915048   -0.0491793     -1.08224
    0.122295   -0.0559422     -1.04401
    0.152368     -0.06166     -1.01843
    0.182095   -0.0667798      -0.9964
    0.211485   -0.0724762    -0.972511
    0.240906   -0.0787033    -0.948648
     0.27006   -0.0855437    -0.918127
    0.299254   -0.0922937    -0.876741
    0.327667   -0.0970742    -0.859863
    0.356209    -0.100188    -0.875637
    0.385568     -0.10084    -0.918497
    0.414757    -0.100683    -0.981351
    0.444168    -0.103052     -1.01477
    0.472871    -0.107823     -1.01315
    0.501451    -0.112635     -1.00093
    0.530191    -0.117495     -0.99272
    0.558518    -0.122311     -0.98751
    0.586938    -0.126868    -0.984744
    0.615786    -0.131271    -0.988763
    0.644805    -0.134526     -1.00146
     0.67436    -0.137555     -1.02815
    0.706886    -0.137798     -1.08933
    0.735608    -0.141242     -1.10079
    0.761341    -0.148739     -1.05576
    0.788932    -0.153647     -1.03936
    0.816927    -0.158335     -1.03861
    0.845497    -0.161851     -1.05127
    0.877316    -0.164261     -1.09055
    0.909769    -0.165433     -1.13916
    0.939315    -0.168739     -1.15904
    0.967033    -0.173586     -1.15742
    0.994422    -0.178754     -1.15152
     1.02236    -0.183159     -1.14958
     1.05016    -0.187433     -1.15104
     1.07855    -0.191706     -1.15784
     1.10721    -0.195494     -1.17008
     1.13716    -0.198919     -1.19086
     1.16785     -0.20193     -1.21963
     1.19997    -0.204732      -1.2613
   -0.764481     0.111983     -1.35113
   -0.729753     0.105866     -1.32594
   -0.696341     0.099854     -1.29601
   -0.663026    0.0934671     -1.26866
   -0.629811    0.0873621     -1.24106
   -0.597453    0.0815926     -1.21721
   -0.565459    0.0759862     -1.19706
   -0.534142    0.0710589     -1.18036
   -0.502497    0.0658586     -1.16504
   -0.471636    0.0608375     -1.15067
   -0.440565    0.0558185     -1.13506
   -0.409419    0.0509105     -1.11846
   -0.378074    0.0451373     -1.09877
   -0.347027    0.0396937     -1.07919
   -0.315761    0.0343691     -1.05944
   -0.284744    0.0290573     -1.04061
   -0.254291     0.023764     -1.02427
   -0.224158    0.0187009     -1.01125
   -0.194262    0.0146045     -1.00396
   -0.164924    0.0101297     -1.00008
   -0.135906   0.00618199      -1.0017
   -0.107601   0.00298356     -1.00967
  -0.0781228  0.000438741     -1.02797
  -0.0505245  -0.00147662     -1.05699
  -0.0228775  -0.00229486     -1.08859
  0.00583012  -0.00521153     -1.10265
   0.0358774   -0.0106714     -1.08927
   0.0671558   -0.0179468     -1.04911
   0.0982743   -0.0256555      -1.0047
    0.128087   -0.0318539    -0.975478
     0.15774   -0.0370834    -0.953418
    0.187415    -0.043335    -0.923086
    0.216987   -0.0506544    -0.885697
    0.246165   -0.0565599    -0.856701
    0.274697   -0.0623659    -0.833928
    0.303247   -0.0676401    -0.817792
    0.331429    -0.071229      -0.8191
    0.360053   -0.0737736     -0.83801
    0.388821   -0.0753566    -0.874364
    0.418176   -0.0750901    -0.944024
    0.447557   -0.0763895    -0.984364
    0.476211   -0.0810399    -0.985992
    0.504978   -0.0851411    -0.981132
    0.533682   -0.0894639    -0.978659
     0.56222   -0.0940206    -0.977744
    0.590559   -0.0986234    -0.975188
    0.619312    -0.103239    -0.976567
    0.648116    -0.106429    -0.987186
    0.677741    -0.109126     -1.01301
    0.710274    -0.109164     -1.07533
    0.740249    -0.111287     -1.10321
    0.765384    -0.119918     -1.05751
    0.792764    -0.125233     -1.03539
    0.820724     -0.12979     -1.03334
    0.849129    -0.133403     -1.04359
    0.880743    -0.135636     -1.08325
    0.913872    -0.136666     -1.13733
    0.943208    -0.140128      -1.1566
    0.970556    -0.144899     -1.15158
     0.99794     -0.15012     -1.14473
     1.02592    -0.154636     -1.14306
     1.05375     -0.15892     -1.14483
     1.08204     -0.16329     -1.15155
     1.11072    -0.166842     -1.16346
     1.14048    -0.170668     -1.18377
     1.17115    -0.173434     -1.21258
     1.20347    -0.175589     -1.25456
   -0.758639     0.141364     -1.33796
   -0.723967     0.134731     -1.31215
   -0.691064     0.128814     -1.28378
   -0.657729     0.122466     -1.25672
   -0.624457     0.116669     -1.22968
   -0.592262     0.110815     -1.20628
   -0.560368     0.105367     -1.18644
   -0.529056     0.100006     -1.16989
    -0.49757    0.0949289     -1.15496
   -0.466837     0.090141      -1.1412
   -0.435816    0.0848722     -1.12581
   -0.404758    0.0798505     -1.11015
   -0.373626    0.0741747     -1.09196
   -0.342594    0.0688244     -1.07342
   -0.311641     0.063378     -1.05559
   -0.280811    0.0582803     -1.03825
   -0.250335    0.0529162     -1.02216
    -0.22012    0.0479276     -1.00865
   -0.190257    0.0433927     -1.00064
    -0.16084    0.0390873    -0.996261
   -0.131664     0.035276    -0.996681
   -0.103425    0.0317854     -1.00196
  -0.0736408     0.028531     -1.01437
  -0.0453109    0.0258298     -1.02963
   -0.016742    0.0228443     -1.04065
   0.0128675     0.018202       -1.036
    0.043396    0.0118315     -1.01005
   0.0741696   0.00499326    -0.971496
    0.104057  -0.00119197    -0.941201
    0.133434  -0.00750941    -0.919749
    0.162951   -0.0132079    -0.895768
    0.192385   -0.0196028    -0.864167
    0.221719   -0.0261364    -0.832527
    0.250452   -0.0313746     -0.81029
    0.278841   -0.0366773    -0.793583
    0.307086   -0.0413626    -0.784008
    0.335383   -0.0450727    -0.788348
    0.363814   -0.0480446    -0.804844
    0.391993   -0.0500714    -0.833188
    0.421229   -0.0508915    -0.887758
    0.451415   -0.0497437    -0.946815
    0.479819   -0.0531998    -0.968212
    0.508657   -0.0572801    -0.972151
    0.537563    -0.061171    -0.975375
    0.566226   -0.0653219    -0.978416
    0.594535   -0.0697615     -0.97611
     0.62305   -0.0744803    -0.970908
    0.651665   -0.0785031    -0.975801
    0.680522   -0.0820387    -0.992299
    0.712317   -0.0819452     -1.05096
    0.745231   -0.0812889     -1.10773
    0.769602   -0.0903347     -1.06199
    0.796536   -0.0969793     -1.03263
    0.824569    -0.101165     -1.03036
    0.852865    -0.105108     -1.03949
    0.884266    -0.107298     -1.07715
    0.917762    -0.107737      -1.1347
    0.947418    -0.110615     -1.15569
    0.974554    -0.116029     -1.14907
     1.00177    -0.121121     -1.14111
     1.02975    -0.125518     -1.13933
     1.05751    -0.130155     -1.14106
     1.08581    -0.134424     -1.14772
     1.11438    -0.138419      -1.1595
      1.1442    -0.142016     -1.17953
     1.17464    -0.144962     -1.20779
     1.20706    -0.146842      -1.2501
   -0.753526     0.170982     -1.32964
    -0.71874     0.163799     -1.30135
   -0.685833     0.158288     -1.27362
    -0.65243     0.151788     -1.24579
   -0.619434     0.145705      -1.2196
   -0.587477     0.139904      -1.1974
   -0.555651      0.13431     -1.17812
   -0.524279     0.128993     -1.16188
   -0.492863     0.123895     -1.14699
   -0.462197     0.119055     -1.13345
   -0.431253     0.113653     -1.11844
   -0.400306     0.108666     -1.10368
   -0.369245     0.103396     -1.08675
   -0.338543    0.0982972     -1.07035
   -0.307797    0.0928438     -1.05435
   -0.276965    0.0873709     -1.03749
   -0.246419    0.0820601     -1.02086
   -0.216078    0.0770613     -1.00641
   -0.186148    0.0723376    -0.997414
   -0.156713    0.0681798    -0.992549
   -0.127569    0.0642823    -0.991437
  -0.0991121    0.0604324    -0.994007
  -0.0691374    0.0570591     -1.00289
  -0.0404836    0.0539891     -1.00997
  -0.0114582    0.0497402     -1.00886
   0.0185264    0.0439523    -0.992848
   0.0489144     0.037693    -0.965916
   0.0789552    0.0315172    -0.937089
    0.108591    0.0256159    -0.912663
     0.13821     0.019324     -0.88912
    0.167525    0.0130725      -0.8622
    0.196812   0.00691254    -0.832719
    0.225943  0.000907578    -0.806714
    0.254604  -0.00468734    -0.786511
     0.28291  -0.00995394    -0.771658
    0.310922   -0.0144609    -0.764233
    0.339311   -0.0185751    -0.768118
    0.367504   -0.0215165    -0.781158
    0.395766   -0.0241899    -0.802822
    0.424301   -0.0258948    -0.841206
    0.454273   -0.0244403    -0.904202
    0.483672   -0.0246403    -0.954875
     0.51273   -0.0278585    -0.971177
    0.541713   -0.0317249    -0.978379
    0.570455    -0.035938    -0.983026
    0.598883   -0.0404445    -0.980703
    0.627011      -0.0456    -0.969559
    0.655402    -0.049952    -0.969018
    0.684556   -0.0533561    -0.988419
    0.716767   -0.0533893     -1.04971
    0.749136    -0.052585     -1.10471
     0.77358   -0.0616416     -1.06101
    0.800393   -0.0681323     -1.03023
    0.828393   -0.0724192     -1.02783
    0.856644   -0.0768181      -1.0366
    0.888012   -0.0788581     -1.07246
    0.921579   -0.0787793     -1.13046
    0.951473   -0.0816192     -1.15503
    0.978849   -0.0867548     -1.14995
     1.00579    -0.092143     -1.14109
     1.03369   -0.0970628     -1.13856
     1.06145    -0.101739     -1.13973
     1.08978    -0.105551     -1.14628
     1.11844     -0.10943     -1.15816
     1.14819    -0.113208     -1.17829
     1.17887    -0.116163     -1.20691
     1.21099    -0.117886     -1.24901
   -0.748965     0.200913     -1.32584
   -0.713936     0.193306     -1.29402
   -0.681038     0.187735     -1.26621
   -0.647686     0.181241     -1.23841
   -0.614722     0.174843     -1.21223
   -0.582771     0.169169     -1.19064
   -0.551147     0.163731     -1.17241
   -0.519841     0.158501     -1.15654
   -0.488436     0.153276     -1.14162
   -0.457892     0.148309     -1.12848
   -0.426956      0.14301     -1.11393
   -0.396177     0.138005     -1.09981
   -0.365096     0.132659     -1.08311
   -0.334448     0.127514     -1.06762
   -0.303822     0.122158     -1.05269
   -0.273041     0.116771     -1.03628
   -0.242451     0.111426     -1.01926
   -0.212153     0.105987     -1.00439
   -0.182073     0.101369    -0.994138
   -0.152608     0.097003    -0.988356
    -0.12332    0.0926747    -0.985899
  -0.0948782    0.0888875    -0.987041
  -0.0647646    0.0854923    -0.993939
  -0.0360566     0.082333    -0.997996
 -0.00687578    0.0774799    -0.993009
   0.0230439    0.0718181    -0.975522
   0.0532918    0.0656577    -0.950733
   0.0831952    0.0594843     -0.92512
    0.112694    0.0536746     -0.90247
    0.142423     0.047573    -0.877678
    0.171712    0.0407982    -0.848498
    0.200959    0.0343247    -0.819438
    0.229914    0.0282499    -0.795125
    0.258534    0.0227502    -0.775791
    0.286835    0.0175031    -0.761606
    0.314786    0.0130789    -0.755536
    0.343116   0.00902345    -0.759209
      0.3713    0.0058655    -0.770311
    0.399511   0.00319296    -0.790475
    0.427924   0.00146052      -0.8255
    0.457735    0.0024153    -0.886202
    0.487481    0.0035388    -0.946244
    0.516717  0.000794691    -0.967372
    0.545588  -0.00320944    -0.975124
    0.574388   -0.0069807    -0.979365
    0.602829   -0.0115912    -0.976576
    0.630837   -0.0170994     -0.96583
    0.659208   -0.0215375    -0.966058
    0.688495   -0.0242484    -0.986076
    0.719912   -0.0257083     -1.03975
     0.75229   -0.0239263     -1.09423
    0.777756   -0.0327607     -1.05843
     0.80438   -0.0392774     -1.02869
    0.832377   -0.0438286     -1.02539
    0.860504   -0.0479887     -1.03376
     0.89192   -0.0500511     -1.06941
    0.925404   -0.0497211     -1.12615
    0.955543   -0.0526282     -1.15437
    0.983382   -0.0574788     -1.15449
     1.01053   -0.0625746      -1.1468
      1.0383   -0.0676024     -1.14328
     1.06583   -0.0724121     -1.14271
     1.09401    -0.076584     -1.14792
     1.12272   -0.0803982     -1.15961
     1.15242   -0.0841479     -1.17951
     1.18312   -0.0871988     -1.20841
     1.21548    -0.088757     -1.25043
   -0.770932     0.232808     -1.29709
   -0.744738     0.231062     -1.31923
   -0.709332     0.223196     -1.28946
   -0.676787     0.217291     -1.26214
   -0.643459     0.210678     -1.23463
   -0.610394     0.204575     -1.20841
   -0.578525     0.198973     -1.18694
    -0.54697      0.19328     -1.16911
   -0.515636     0.188096     -1.15307
   -0.484229     0.182884     -1.13836
   -0.453879     0.177965     -1.12601
   -0.422834      0.17262     -1.11131
   -0.391984     0.167272     -1.09679
   -0.361101     0.162016     -1.08094
   -0.330505     0.156793     -1.06575
   -0.299796     0.151287     -1.05038
   -0.268964     0.145915     -1.03386
   -0.238434     0.140609     -1.01741
   -0.208298     0.135511     -1.00336
   -0.178031     0.130362    -0.992144
   -0.148531     0.125882     -0.98544
   -0.119289      0.12169     -0.98344
  -0.0908602     0.117916    -0.985028
  -0.0607348     0.114424    -0.991285
  -0.0320717     0.110842    -0.995239
  -0.0028502     0.106399    -0.989994
   0.0269574     0.100722    -0.973287
    0.057277    0.0945225    -0.948902
   0.0871881    0.0883412    -0.923881
      0.1165    0.0825085    -0.902886
    0.146074     0.076498    -0.880162
    0.175543    0.0693847    -0.851359
    0.204853    0.0627388    -0.820953
    0.233669    0.0562269    -0.794475
     0.26233    0.0506607    -0.774911
    0.290666     0.045793     -0.76134
    0.318499     0.041123    -0.755653
    0.346923    0.0372365    -0.759625
     0.37513    0.0338533    -0.771008
    0.403415     0.031481    -0.791239
    0.431782    0.0296321    -0.829989
    0.462011    0.0318584    -0.894577
    0.491258    0.0319734    -0.944011
    0.520268    0.0282948    -0.958201
    0.549108     0.024622    -0.963768
     0.57785    0.0206361    -0.967353
    0.606198    0.0159696    -0.965247
    0.634448     0.010989    -0.960174
    0.663353   0.00726336     -0.96573
    0.692457   0.00422445    -0.983336
    0.723161    0.0027306     -1.02703
    0.756472   0.00563846     -1.09222
    0.781957   -0.0036263     -1.06213
    0.808391   -0.0104603     -1.02963
    0.836451   -0.0149534     -1.02474
    0.864561   -0.0188829      -1.0324
    0.895584   -0.0214878     -1.06489
    0.928611   -0.0212524     -1.11868
    0.959555    -0.023626     -1.15266
    0.988175   -0.0279952     -1.16061
     1.01559   -0.0329208     -1.15615
     1.04336    -0.037782     -1.15223
     1.07095   -0.0428249     -1.15097
     1.09895   -0.0472458     -1.15481
     1.12751   -0.0513367     -1.16517
     1.15716   -0.0547463     -1.18471
     1.18801   -0.0578771     -1.21364
     1.22007     -0.05982     -1.25388
   -0.740282     0.261344     -1.31346
   -0.705295     0.253143     -1.28762
   -0.673018     0.247542     -1.26145
   -0.639418     0.240937     -1.23353
   -0.606421      0.23429     -1.20682
    -0.57448     0.228672     -1.18524
   -0.542947     0.222777     -1.16727
    -0.51166     0.217401     -1.15118
   -0.480273     0.212408     -1.13652
   -0.449763     0.207254     -1.12357
   -0.418783     0.201962      -1.1087
   -0.387929     0.196782     -1.09447
     -0.3571     0.191363     -1.07917
   -0.326562     0.186205     -1.06427
   -0.295768     0.180697     -1.04866
    -0.26496     0.175275     -1.03217
   -0.234534      0.16973     -1.01604
   -0.204407     0.164726     -1.00295
   -0.174398     0.159867    -0.993275
   -0.144855     0.155231    -0.987526
   -0.115795     0.151364    -0.987291
  -0.0872945     0.147656    -0.989966
  -0.0572119     0.144082    -0.996832
  -0.0283976     0.140803     -1.00252
  0.00060381     0.136568    -0.999767
   0.0304529     0.131239     -0.98548
   0.0607215      0.12469    -0.962213
   0.0907745     0.118518    -0.936741
    0.120085     0.112572    -0.916579
    0.149396      0.10711    -0.898082
    0.178974     0.100468    -0.873212
    0.208172    0.0931141    -0.839992
     0.23743    0.0859052     -0.80711
    0.266234    0.0801351    -0.784911
    0.294415    0.0746367    -0.770272
    0.322394    0.0698709    -0.763634
    0.350711    0.0660167    -0.767873
    0.379077    0.0631093    -0.780615
    0.406978    0.0603502    -0.805594
    0.436863    0.0619912    -0.866088
    0.466471     0.064025    -0.928406
    0.495258    0.0612155    -0.952392
    0.524201    0.0571083    -0.957703
    0.552842     0.052658    -0.959245
    0.581605    0.0485404     -0.96037
     0.60995    0.0441806    -0.959173
    0.638573    0.0399138    -0.960295
    0.667502    0.0367247    -0.969668
    0.696483      0.03311    -0.982596
    0.725563    0.0289281     -1.00665
    0.761432    0.0356197     -1.09643
    0.786729     0.026423     -1.07338
    0.812613    0.0187078     -1.03435
    0.840683    0.0135784     -1.02775
    0.868835   0.00958455     -1.03483
    0.899557   0.00718308     -1.06471
    0.932266   0.00747471     -1.11436
    0.963582   0.00539645      -1.1518
     0.99298   0.00191012     -1.16678
     1.02096  -0.00259067     -1.16712
      1.0486  -0.00789884     -1.16388
     1.07624   -0.0131743     -1.16224
     1.10415   -0.0176345     -1.16482
     1.13273   -0.0215448     -1.17428
     1.16237    -0.025049     -1.19332
     1.19319   -0.0281074      -1.2219
     1.22532     -0.02995     -1.26019
    -0.73597     0.290821     -1.31358
   -0.701456     0.283611     -1.28812
   -0.669036     0.277984     -1.26174
   -0.635589     0.271082     -1.23389
   -0.602614     0.264404     -1.20706
   -0.570568     0.258426     -1.18474
   -0.539121     0.252887     -1.16672
   -0.507741     0.247511     -1.15051
   -0.476352     0.242039     -1.13528
    -0.44564     0.236769     -1.12138
   -0.414689      0.23144     -1.10663
   -0.383947     0.226338     -1.09324
   -0.353203     0.220903     -1.07831
   -0.322607     0.215529     -1.06274
   -0.291778     0.209919     -1.04641
   -0.260954     0.204213     -1.02974
   -0.230586     0.198857     -1.01377
   -0.200443     0.193851     -1.00108
   -0.170572     0.189146    -0.993741
   -0.141284     0.184998     -0.99066
   -0.112168     0.181329    -0.991802
  -0.0836607     0.177776    -0.996273
  -0.0540488     0.174584     -1.00598
  -0.0251602     0.171661     -1.01682
  0.00356542     0.168573     -1.02379
   0.0329906     0.163805     -1.02214
   0.0630082     0.158179     -1.00702
   0.0934274     0.151396    -0.979316
    0.123198     0.144505    -0.952281
    0.152506     0.139207      -0.9333
    0.181991     0.133308    -0.914365
    0.211255     0.126512    -0.884624
    0.240807     0.117989    -0.845448
    0.269662      0.11088    -0.814882
    0.298036      0.10483    -0.794364
    0.326324      0.09962    -0.783017
    0.354505    0.0961902    -0.786245
    0.383057    0.0930661    -0.802631
    0.411478    0.0918839    -0.843274
    0.441974     0.096334    -0.918495
    0.470543    0.0948462    -0.958116
    0.499813    0.0916133    -0.969271
    0.528581    0.0875771    -0.970904
    0.557263    0.0827087    -0.968902
    0.585828     0.078211    -0.966869
    0.614106    0.0734673    -0.965242
    0.642941    0.0693036    -0.967395
    0.671884    0.0657744    -0.977532
    0.700831    0.0631096    -0.989213
    0.729334    0.0579057     -1.00461
    0.765971    0.0652709     -1.10023
    0.791593    0.0569483     -1.08417
      0.8175    0.0488701     -1.04372
    0.845283    0.0436429     -1.03655
    0.873555    0.0391481     -1.04363
    0.904202    0.0366627     -1.07227
    0.936593    0.0363814     -1.11712
    0.967791    0.0348548     -1.15384
     0.99759    0.0314822     -1.17304
      1.0261    0.0272433     -1.17796
     1.05399    0.0222453     -1.17668
     1.08175    0.0170124     -1.17522
     1.10964    0.0122401     -1.17699
     1.13815    0.0081053     -1.18628
     1.16778   0.00471973     -1.20508
     1.19878   0.00199036     -1.23345
      1.2309  0.000469388     -1.27046
   -0.732344     0.322242     -1.31817
   -0.698368     0.314939     -1.29173
   -0.665539     0.308575     -1.26443
   -0.632126     0.301454     -1.23639
   -0.599101     0.294984     -1.20921
   -0.566868     0.288605       -1.186
   -0.535221     0.282599     -1.16701
   -0.504033     0.277153     -1.15063
   -0.472438     0.271699     -1.13525
   -0.441904     0.266767     -1.12195
   -0.410862     0.261215     -1.10698
    -0.38025     0.255952     -1.09387
    -0.34948     0.250611     -1.07897
   -0.318588      0.24501     -1.06182
   -0.287685      0.23933     -1.04406
   -0.256829     0.233387     -1.02634
   -0.226326     0.227712     -1.00977
   -0.196289     0.222645    -0.997518
   -0.166623     0.218259    -0.991677
   -0.137282     0.214108    -0.989155
   -0.108127     0.210497    -0.990556
   -0.079775     0.207393    -0.997389
  -0.0507285     0.204627     -1.01207
  -0.0220646     0.202591      -1.0337
  0.00596929     0.201654     -1.06071
   0.0344412     0.200367     -1.08232
   0.0638239     0.196786     -1.08549
    0.094109     0.190939      -1.0651
    0.124946     0.181707      -1.0268
    0.155124     0.173748    -0.992067
     0.18482     0.167735    -0.970014
    0.214053      0.16189    -0.949702
    0.243373     0.154716     -0.92069
    0.272755     0.146686    -0.888875
    0.301699     0.138924    -0.856307
    0.330307     0.131385    -0.823927
    0.358385     0.126934     -0.81605
       0.387     0.124273    -0.833932
    0.416311     0.124961    -0.881237
    0.445859     0.128156    -0.945577
    0.475119     0.126055    -0.980089
    0.504747     0.124117    -0.997585
    0.533179     0.119197    -0.995222
    0.561785     0.113451    -0.989125
    0.590353     0.108647    -0.984185
    0.618876     0.104059    -0.980843
    0.647497    0.0993343    -0.980257
    0.676387    0.0956681     -0.98837
    0.705547    0.0928446     -1.00525
    0.735613    0.0904398     -1.03377
    0.768815    0.0926781      -1.0943
    0.796034    0.0859127     -1.08624
    0.822486    0.0786775     -1.05788
    0.850329    0.0729877     -1.05211
    0.878928    0.0691634     -1.06041
    0.909456     0.067293     -1.08765
     0.94165      0.06587     -1.12814
    0.972583    0.0644345     -1.16231
     1.00259    0.0616318     -1.18244
     1.03152    0.0571318     -1.19027
     1.05955    0.0523897     -1.19047
     1.08741    0.0474294     -1.18978
      1.1155    0.0427514     -1.19262
     1.14427    0.0387965     -1.20263
     1.17369    0.0347064     -1.22118
     1.20485    0.0323883      -1.2498
     1.23718    0.0306555      -1.2876
   -0.728852     0.352673     -1.32326
   -0.695113     0.345841     -1.29655
   -0.662029     0.339046     -1.26833
   -0.628777     0.331915     -1.24041
   -0.595638     0.325201     -1.21246
   -0.563317      0.31882     -1.18856
   -0.531571     0.312969     -1.16892
   -0.500424     0.307443     -1.15256
   -0.468818     0.301837     -1.13742
   -0.438319     0.296975     -1.12477
   -0.407363     0.291276     -1.11007
   -0.376678     0.286027     -1.09664
   -0.345759       0.2806     -1.08076
   -0.314901     0.274701     -1.06276
   -0.283794     0.268941     -1.04412
   -0.252861      0.26286     -1.02529
   -0.222426     0.256902     -1.00836
    -0.19226     0.251732    -0.995639
   -0.162639     0.247355    -0.989877
   -0.133304     0.243097    -0.987316
   -0.104221     0.239431    -0.988614
  -0.0757752     0.236122    -0.996402
  -0.0471291     0.233998     -1.01548
  -0.0188654     0.233199     -1.05108
   0.0083342     0.235245     -1.09435
   0.0367974     0.234924     -1.12452
    0.066137     0.231353     -1.13329
   0.0963481     0.226129      -1.1228
    0.126776     0.219009     -1.09695
    0.157317       0.2109     -1.06106
    0.187459     0.203334     -1.03048
    0.217363     0.196651     -1.00928
    0.246654     0.190711    -0.992978
    0.275919     0.185722     -0.97932
    0.305095     0.180751     -0.96192
    0.334081      0.17028    -0.917276
    0.362681     0.160265     -0.87212
    0.391366     0.156166     -0.86877
    0.420647     0.155481    -0.900661
    0.449348     0.155545    -0.949113
    0.479611     0.156574      -1.0005
     0.50923     0.155908      -1.0276
    0.537888     0.150419     -1.02209
    0.566674     0.144786      -1.0126
    0.595163     0.139379     -1.00503
    0.623619     0.134702    -0.999422
    0.652198     0.130313     -0.99644
    0.681098     0.125938      -1.0023
    0.710286     0.122574     -1.01976
    0.740173     0.121538     -1.05053
     0.77188     0.121272      -1.0903
    0.801402     0.116872     -1.09771
    0.828259     0.110137     -1.08196
    0.856138     0.104741     -1.07646
    0.885105     0.101136     -1.08723
    0.915382    0.0984036     -1.11325
    0.947581    0.0970304     -1.14814
    0.978135    0.0954715     -1.17781
     1.00804      0.09205      -1.1958
     1.03706    0.0880058     -1.20424
     1.06522    0.0826017     -1.20648
     1.09361    0.0780998     -1.20854
     1.12184    0.0736316     -1.21295
      1.1507    0.0694872     -1.22332
     1.18039    0.0658924     -1.24216
     1.21177    0.0633269     -1.27231
   -0.725974     0.383906      -1.3308
   -0.692713      0.37727     -1.30533
   -0.658842     0.369975     -1.27441
   -0.625546     0.362702     -1.24593
   -0.592516     0.355899     -1.21784
   -0.559957     0.349229     -1.19287
   -0.528072     0.343203     -1.17259
   -0.496887     0.337897     -1.15632
   -0.465429     0.332229     -1.14164
   -0.434855     0.327132     -1.12914
   -0.403971     0.321707     -1.11469
   -0.373168     0.316351     -1.10042
   -0.342162     0.310445     -1.08344
    -0.31117     0.304404     -1.06494
   -0.280241       0.2983     -1.04666
    -0.24924     0.292379     -1.02795
    -0.21872     0.286679     -1.01083
   -0.188596     0.281503    -0.997623
   -0.158756     0.276709    -0.990037
   -0.129487     0.272455    -0.986793
   -0.100318     0.268568    -0.987905
  -0.0720312     0.265642    -0.997311
  -0.0434671     0.263937     -1.02087
  -0.0153542     0.264868     -1.06539
   0.0115086     0.266016     -1.10976
   0.0404313     0.265329     -1.13667
   0.0698596     0.262079     -1.14775
   0.0998562     0.257365       -1.142
    0.130115     0.251164     -1.12483
    0.160454     0.244536     -1.10173
    0.190517     0.237367     -1.07549
     0.22054     0.231215     -1.05566
    0.250195     0.225376     -1.04073
    0.279609     0.219952     -1.03043
    0.308996     0.215106      -1.0251
    0.338269     0.210984     -1.01682
    0.367143     0.203017     -0.98534
    0.395974     0.195018    -0.961849
    0.425079     0.190792    -0.967599
    0.454549     0.188992    -0.997038
    0.484684     0.191499     -1.04287
    0.513758     0.187546     -1.05385
    0.542631     0.181715     -1.04545
    0.571378     0.176208     -1.03604
    0.600222     0.171398     -1.02763
    0.628653     0.166219     -1.02055
    0.656971     0.160626     -1.01687
    0.686116     0.156595     -1.02122
    0.715284     0.153605     -1.03577
    0.745727     0.152427     -1.06653
    0.777542     0.152419     -1.10893
    0.807142     0.148926     -1.12735
    0.834675     0.142784     -1.11566
    0.862577      0.13683     -1.11053
    0.892539     0.134019     -1.12412
    0.922517     0.131833     -1.14724
    0.953752     0.129066     -1.17378
    0.984126     0.126169     -1.19727
     1.01372     0.122911     -1.21273
     1.04283     0.118778     -1.22163
      1.0713     0.113858     -1.22632
     1.10015     0.109523     -1.23138
     1.12878      0.10507      -1.2374
     1.15777     0.101015     -1.24811
     1.18753    0.0975134     -1.26789
     1.21934    0.0955599     -1.30502
   -0.690442     0.409034     -1.31663
    -0.65595     0.401291     -1.28321
   -0.622625     0.393964     -1.25385
   -0.589467      0.38704     -1.22516
   -0.556854     0.380114     -1.19959
   -0.524972     0.373918     -1.17864
   -0.493721     0.368381     -1.16187
   -0.462037     0.362563     -1.14655
   -0.431606     0.357567      -1.1341
   -0.400566     0.351822     -1.11924
   -0.369679     0.346391     -1.10458
   -0.338649     0.340581     -1.08792
   -0.307756     0.334868     -1.07016
   -0.276869     0.328609     -1.05222
   -0.245755     0.322638     -1.03308
   -0.215253     0.316652     -1.01556
   -0.185069     0.310981     -1.00152
   -0.155124     0.306208     -0.99252
   -0.125638     0.301684    -0.987466
  -0.0963919     0.297486    -0.987217
  -0.0681408     0.295026    -0.997824
  -0.0399097     0.293973     -1.02586
  -0.0116742     0.295734     -1.07281
   0.0154224     0.296551     -1.11215
   0.0444104     0.295085     -1.13777
   0.0733689     0.294066     -1.15785
    0.103356     0.288716     -1.15289
    0.134029     0.281527     -1.13286
    0.163965     0.276381     -1.11967
     0.19413     0.270049     -1.10114
    0.224116     0.263835     -1.08436
    0.253852     0.258176     -1.07139
    0.283417     0.252676     -1.06081
    0.312814     0.247322     -1.05236
    0.342358     0.242599     -1.04899
    0.371688     0.238621     -1.04901
    0.400996     0.235443     -1.05394
    0.430253     0.231567     -1.05782
    0.459882     0.227162     -1.06521
     0.48931     0.223585     -1.07471
    0.518353     0.218871     -1.07255
    0.547241     0.213281     -1.06526
    0.576197     0.208253     -1.05793
    0.605041     0.202977     -1.05014
    0.633577     0.197427     -1.04302
    0.662093     0.192323     -1.04003
    0.691153     0.187742     -1.04479
    0.720611     0.184854     -1.05809
    0.750591     0.183133     -1.08403
     0.78236     0.182623     -1.12568
    0.813237     0.181186      -1.1536
    0.841264     0.175343     -1.15019
    0.869966     0.170614     -1.14962
    0.899659     0.167288     -1.16103
    0.929339     0.164122     -1.17727
    0.959501     0.160771     -1.19633
    0.990073     0.157394     -1.21569
     1.01963      0.15412     -1.23031
     1.04892     0.149833     -1.24089
     1.07782     0.145542     -1.24869
     1.10709     0.141338     -1.25718
     1.13586     0.136508     -1.26557
     1.16536     0.132772     -1.27983
     1.19597     0.130034     -1.30675
   -0.688408     0.441495     -1.32973
   -0.653471     0.433311     -1.29496
   -0.620193     0.425907     -1.26516
   -0.586892     0.418413     -1.23489
   -0.553892     0.411512     -1.20754
   -0.521737      0.40482     -1.18533
   -0.490578     0.398968     -1.16786
   -0.458705     0.393046     -1.15146
   -0.428115     0.387791     -1.13832
   -0.397083     0.382106     -1.12376
   -0.366286     0.377136     -1.11001
   -0.335371     0.371357     -1.09463
   -0.304489     0.365431     -1.07789
   -0.273838     0.359604     -1.06081
   -0.242497     0.352958     -1.04092
   -0.211921     0.346917     -1.02297
   -0.181598     0.341203     -1.00793
   -0.151608     0.336215    -0.998098
   -0.122057     0.331717    -0.992418
  -0.0927091     0.327482    -0.990263
  -0.0643634     0.324979    -0.999928
  -0.0364144     0.324143     -1.02946
 -0.00784422     0.325287     -1.07316
   0.0196537     0.325408      -1.1074
   0.0486672     0.324032     -1.13223
   0.0776723     0.323101     -1.15225
    0.107541     0.318118      -1.1486
    0.138223     0.311051      -1.1307
    0.167979     0.306823     -1.12459
    0.197817     0.302001     -1.11677
    0.227817     0.295681     -1.10278
    0.257742     0.289349     -1.08896
    0.287283     0.284295     -1.07801
    0.316792     0.278764     -1.06834
    0.346376     0.273357     -1.06114
     0.37572     0.268942     -1.05832
    0.405055     0.264892     -1.06145
     0.43431     0.261122      -1.0683
    0.464101     0.258099     -1.07763
    0.493626     0.254234     -1.08487
    0.522819     0.249864     -1.08681
    0.551827     0.244655     -1.08324
    0.580898     0.239782     -1.07835
     0.60988     0.234487     -1.07247
    0.638662     0.229353     -1.06656
     0.66736     0.224244      -1.0641
    0.696542     0.219912     -1.06939
    0.726083     0.217207     -1.08375
    0.756303      0.21487     -1.10717
    0.787483     0.214031     -1.14148
     0.81792     0.211982     -1.16647
    0.847208      0.20718     -1.17317
    0.876236     0.203019     -1.17831
    0.905656     0.199096     -1.18693
     0.93532     0.195565     -1.19934
    0.964854     0.191807     -1.21407
    0.995742     0.188579     -1.23164
     1.02535     0.185322     -1.24667
     1.05503     0.181389        -1.26
     1.08446     0.177388     -1.27182
     1.11432     0.173946     -1.28563
     1.14393     0.170126     -1.30042
     1.17439     0.166554     -1.32362
     1.20712     0.165085      -1.3678
   -0.651106     0.464824     -1.30811
   -0.617837     0.458013      -1.2776
   -0.584251     0.450059     -1.24497
   -0.550814     0.442284     -1.21516
   -0.518622     0.435703     -1.19208
   -0.487434     0.430142      -1.1747
   -0.455491     0.423997     -1.15786
    -0.42475     0.418543     -1.14439
    -0.39387     0.413006     -1.13056
   -0.363094     0.407849     -1.11709
   -0.332181     0.401975     -1.10241
   -0.301325     0.396032     -1.08622
   -0.270608      0.39016     -1.06981
   -0.239437     0.384004     -1.05125
   -0.208803     0.377911     -1.03361
    -0.17845       0.3722     -1.01812
   -0.148334     0.366822      -1.0072
   -0.118689     0.362317     -1.00075
  -0.0892288     0.357526    -0.995602
  -0.0604977     0.354156     -1.00301
  -0.0327935     0.354134     -1.03154
 -0.00364283     0.354289     -1.06844
   0.0238588     0.354109     -1.09837
   0.0528397     0.353187     -1.12243
   0.0822169     0.350341     -1.13684
    0.111925     0.346401     -1.13684
    0.142225     0.340385     -1.12552
    0.172053     0.335841     -1.12211
    0.201779     0.332429     -1.12303
    0.231492     0.327155     -1.11716
     0.26148     0.320619     -1.10476
    0.291192     0.314759     -1.09113
    0.320772     0.309723     -1.07971
    0.350314     0.303932      -1.0704
    0.379809     0.299336     -1.06459
    0.409072     0.294345     -1.06357
    0.438402     0.290452     -1.06753
    0.468029     0.286852     -1.07563
     0.49767     0.283637     -1.08578
    0.527101     0.280068     -1.09473
    0.556454     0.275927     -1.09881
    0.585625     0.271326     -1.09845
    0.614774     0.265964     -1.09525
    0.643754     0.261448     -1.09147
    0.672693     0.256573     -1.08939
    0.701695     0.251709     -1.09252
    0.731598      0.24944     -1.10517
    0.761348      0.24611     -1.12472
    0.791947     0.243685     -1.14997
    0.822118     0.241685     -1.17036
    0.851884     0.237777     -1.18328
    0.881723      0.23448     -1.19458
     0.91119     0.230258     -1.20489
    0.940925     0.226882     -1.21695
    0.970284     0.222743     -1.23029
     1.00137     0.219553     -1.24755
      1.0311     0.216737     -1.26417
     1.06128     0.213434       -1.281
     1.09127     0.209772     -1.29741
     1.12176     0.206926     -1.31769
      1.1529     0.204225     -1.34431
     1.18555     0.202472     -1.38444
   -0.648855     0.497275     -1.32243
   -0.615382     0.489965     -1.28905
   -0.581433     0.481358     -1.25494
   -0.548027     0.473562     -1.22434
   -0.515588     0.466564     -1.20027
   -0.484375     0.461116     -1.18301
   -0.452493     0.455024     -1.16658
   -0.421716     0.449638     -1.15332
     -0.3909      0.44397     -1.13987
    -0.36002     0.438525     -1.12597
   -0.329085     0.432913     -1.11175
   -0.298315     0.427226     -1.09632
   -0.267603     0.421328      -1.0803
   -0.236404     0.415019     -1.06264
   -0.205874     0.409018     -1.04605
   -0.175421     0.403372      -1.0308
   -0.145269     0.397795     -1.01881
   -0.115368     0.392848     -1.01067
   -0.085673     0.387882     -1.00308
  -0.0566776     0.384044     -1.00714
  -0.0289664     0.383323     -1.03093
 0.000682823     0.383057     -1.06168
   0.0283292     0.382473     -1.08754
   0.0572444     0.382421     -1.11301
   0.0864841      0.37925     -1.12736
    0.116303      0.37539     -1.12875
     0.14643     0.370148     -1.12093
     0.17614     0.365533     -1.11855
     0.20569     0.361901     -1.12427
    0.235353     0.357714     -1.12613
    0.265444     0.353201     -1.12092
    0.295104     0.346554     -1.10726
    0.324775      0.34056      -1.0918
    0.354346     0.334514     -1.07963
    0.383883     0.329388     -1.07181
    0.413134     0.324123     -1.06751
    0.442417      0.31989     -1.06862
    0.472056     0.316324     -1.07443
    0.501622     0.312676     -1.08361
    0.531127     0.309652     -1.09493
    0.560856     0.306849     -1.10632
    0.590281     0.303208     -1.11444
    0.619763     0.298417     -1.11716
    0.648853     0.293711     -1.11585
    0.677916     0.288136     -1.11427
    0.706826     0.283701     -1.11575
    0.736564     0.280058     -1.12476
    0.766383     0.277196     -1.14017
    0.796633     0.274559     -1.16034
    0.826836     0.271651     -1.17844
    0.856735      0.26836     -1.19273
    0.886933     0.265438      -1.2071
    0.916651     0.261719     -1.21991
    0.946471     0.258353     -1.23303
     0.97589     0.254458     -1.24692
     1.00719     0.251174      -1.2655
     1.03735     0.248706     -1.28573
     1.06798     0.245943     -1.30674
     1.09879     0.243098     -1.33016
     1.13054     0.241371     -1.36029
      1.1638     0.240437     -1.40116
   -0.613175     0.522106     -1.30331
    -0.57908     0.513579     -1.26849
   -0.545316     0.505538      -1.2366
   -0.513002     0.498782     -1.21192
   -0.481629     0.492701     -1.19409
   -0.449937     0.486616     -1.17814
   -0.418963     0.480963     -1.16459
   -0.388065      0.47558     -1.15117
   -0.357129     0.469954     -1.13683
   -0.326176     0.464492     -1.12262
   -0.295359     0.458459     -1.10761
   -0.264636     0.452771     -1.09242
   -0.233514     0.446303      -1.0755
   -0.202904     0.440307     -1.05965
   -0.172513      0.43481     -1.04536
   -0.142251     0.429139     -1.03241
    -0.11214     0.423724     -1.02263
  -0.0825368     0.419191     -1.01545
  -0.0532231     0.414652     -1.01441
  -0.0249748     0.412636     -1.03022
  0.00472026     0.412356     -1.05746
   0.0326149      0.41118     -1.07919
    0.061425     0.411034     -1.10439
   0.0905857     0.408952     -1.12382
    0.120461     0.405053     -1.12682
    0.150325     0.399696     -1.12002
    0.180205     0.394954     -1.11776
    0.209769     0.391944     -1.12608
    0.239479     0.389016     -1.13243
    0.269407     0.384374     -1.13263
    0.299022     0.378914     -1.12431
    0.328774     0.372576     -1.10747
    0.358416     0.365603     -1.09081
    0.387894     0.359746     -1.08015
    0.417334     0.354827     -1.07345
    0.446536     0.350166     -1.07203
    0.476044     0.346157     -1.07633
    0.505685      0.34234     -1.08442
    0.535179     0.339275     -1.09455
     0.56481     0.336439     -1.10719
    0.594584     0.333385     -1.12163
    0.624561      0.33045     -1.13388
    0.654007     0.326097     -1.13927
    0.683264     0.321391     -1.14103
    0.712529     0.317054      -1.1437
    0.742147     0.312609      -1.1504
    0.771805     0.309222      -1.1615
    0.801826     0.306043      -1.1759
    0.831947     0.303176     -1.19087
    0.861699     0.299648     -1.20428
    0.891844      0.29609     -1.21877
    0.921861     0.293117     -1.23385
    0.952032     0.289809     -1.25002
     0.98207     0.287008     -1.26742
     1.01326     0.283725     -1.28916
     1.04431     0.281386     -1.31487
     1.07557     0.279393     -1.34202
     1.10776     0.277481     -1.37465
     1.14092     0.277261     -1.41381
   -0.611595     0.555556      -1.3232
   -0.577351     0.546807     -1.28744
   -0.543318     0.538037     -1.25338
   -0.510783     0.531022     -1.22701
   -0.479073     0.524639     -1.20792
   -0.447519     0.518698     -1.19199
    -0.41628     0.512985     -1.17762
   -0.385407     0.507315     -1.16411
   -0.354246     0.501476     -1.14843
   -0.323089     0.495631     -1.13313
   -0.292369     0.489911     -1.11882
   -0.261793     0.484198     -1.10555
   -0.230797     0.478272     -1.09053
   -0.200083     0.472339     -1.07553
   -0.169717      0.46659     -1.06153
   -0.139366     0.460779     -1.04765
   -0.108989     0.455204     -1.03586
  -0.0793384      0.45037     -1.02808
  -0.0498785     0.445666     -1.02384
  -0.0212046     0.442499      -1.0329
  0.00853802     0.442301     -1.05691
   0.0369002     0.440023     -1.07561
   0.0653862     0.439317     -1.10087
   0.0946691     0.439085      -1.1235
    0.124343     0.434791     -1.12748
    0.154283      0.43019     -1.12339
    0.184121     0.425129     -1.12099
    0.213798     0.422579     -1.13057
    0.243283      0.41938     -1.13959
    0.273469     0.415166     -1.14137
    0.303036     0.410582     -1.13745
    0.332781     0.404413     -1.12329
    0.362514     0.397037     -1.10363
    0.392053     0.390809     -1.09043
    0.421412     0.385367     -1.08204
     0.45078     0.380773     -1.07934
    0.480087     0.376226     -1.08224
    0.509868     0.372518     -1.08951
     0.53937     0.369329      -1.0989
    0.569028     0.366219     -1.11073
    0.598796     0.363274     -1.12594
    0.629148     0.361169     -1.14388
    0.658978     0.358184      -1.1573
    0.688691     0.354446     -1.16564
    0.718175     0.349968      -1.1714
    0.747683     0.345496     -1.17756
    0.777468     0.341754     -1.18641
    0.807103     0.337777     -1.19586
    0.837103     0.334644     -1.20706
    0.866797      0.33114     -1.21869
    0.897123     0.327738     -1.23447
     0.92758     0.325141     -1.25305
    0.958221     0.322676     -1.27333
    0.989058     0.320263     -1.29643
     1.02022      0.31773     -1.32304
      1.0529     0.316449     -1.35553
     1.08482     0.314923     -1.38936
     1.11779     0.314179     -1.42755
   -0.576246     0.580995     -1.31196
   -0.541741     0.571159     -1.27494
   -0.508984     0.564107     -1.24681
   -0.476998     0.557651     -1.22631
   -0.445456     0.551402     -1.20905
    -0.41375     0.544973     -1.19274
   -0.382944     0.539555     -1.17928
   -0.351569     0.533572     -1.16241
   -0.320222     0.527246      -1.1459
   -0.289381     0.521437     -1.13159
   -0.258999      0.51622     -1.12043
   -0.228251     0.510624     -1.10805
   -0.197503     0.504845     -1.09442
   -0.167036     0.498913     -1.07993
   -0.136488     0.492619      -1.0639
   -0.105903     0.486771      -1.0495
  -0.0759779     0.481239     -1.03867
   -0.046188     0.476067     -1.03166
  -0.0175046      0.47301     -1.03789
   0.0123176     0.472125     -1.05892
    0.040795     0.469815     -1.07673
   0.0693757     0.469311     -1.10011
   0.0988031     0.468844      -1.1234
    0.128273     0.465644     -1.13206
    0.158024     0.460941     -1.13119
    0.187891      0.45589     -1.12876
    0.217643     0.453546     -1.13876
    0.247265     0.450528     -1.14857
    0.277313     0.445994     -1.15034
    0.307139      0.44137     -1.14704
     0.33683     0.435819     -1.13543
    0.366683     0.429001     -1.11649
    0.396246     0.422444     -1.10253
    0.425603     0.416602     -1.09329
    0.454982     0.411603     -1.08946
    0.484257     0.407071     -1.09149
    0.514168     0.403135     -1.09827
    0.543604      0.40001     -1.10742
    0.573362     0.397174     -1.11947
    0.603158     0.394178     -1.13405
    0.633468     0.391732     -1.15274
    0.663608     0.388933     -1.17022
    0.693633     0.385986     -1.18435
    0.723557     0.382732     -1.19504
    0.753219     0.378561     -1.20354
    0.783315      0.37492     -1.21348
    0.813036     0.371347       -1.222
    0.842736     0.367068     -1.23132
    0.872568     0.363181     -1.24276
    0.903245      0.36064     -1.26077
    0.934136     0.358243     -1.28336
      0.9653     0.356291     -1.30801
    0.996813     0.354738     -1.33676
     1.02857     0.353411     -1.36791
     1.06192     0.352581     -1.40387
     1.09444     0.351831     -1.44225
   -0.541194     0.606421     -1.30401
   -0.507787      0.59814     -1.27219
   -0.475434     0.591349     -1.24928
   -0.443845     0.584757     -1.23069
   -0.411574     0.578017     -1.21198
   -0.380611     0.572567     -1.19797
   -0.349332     0.566388     -1.18163
   -0.317996     0.560227     -1.16507
    -0.28697     0.554231     -1.15029
   -0.256476     0.548918     -1.13934
   -0.225884     0.543518     -1.12803
   -0.194974     0.537725     -1.11496
   -0.164508     0.531795     -1.10111
   -0.133805     0.525228     -1.08377
   -0.102894     0.518599     -1.06573
  -0.0725872     0.512397     -1.05099
  -0.0428817       0.5071     -1.04285
  -0.0139031     0.503791     -1.04776
   0.0156646     0.502697     -1.06647
   0.0446879     0.500716      -1.0843
   0.0731959     0.499835     -1.10601
    0.102369      0.49991     -1.13078
    0.131874     0.497568     -1.14631
    0.161771     0.492831      -1.1448
    0.191677     0.487435     -1.14222
    0.221505     0.485104     -1.15154
    0.251235     0.482264     -1.16035
    0.281182     0.477461     -1.16128
    0.311144     0.472777     -1.15542
    0.340868      0.46674      -1.1431
    0.370587     0.459805     -1.12686
     0.40043     0.453445      -1.1144
    0.429808     0.447577     -1.10581
     0.45925     0.442895     -1.10199
    0.488534     0.438455     -1.10409
    0.518683     0.434862     -1.11132
    0.548065     0.431323     -1.12033
     0.57788     0.428426     -1.13268
    0.607789     0.425578     -1.14731
    0.638105     0.423499     -1.16566
     0.66838     0.420953     -1.18433
    0.698687     0.418126     -1.20162
    0.728921     0.415618     -1.21672
    0.758872     0.412203     -1.22921
     0.78933     0.409058     -1.24231
    0.819344     0.405637     -1.25386
    0.849265     0.401432     -1.26609
    0.879559     0.397916     -1.28158
    0.910575     0.395933     -1.30324
    0.942111      0.39404     -1.33027
    0.973987      0.39315     -1.35917
     1.00622     0.392364     -1.39058
     1.03821      0.39054     -1.42311
     1.07079      0.38965     -1.45896
   -0.506945     0.633259      -1.3032
   -0.474204     0.625879     -1.27654
   -0.442673     0.619589     -1.25735
   -0.410045     0.612164     -1.23709
   -0.378897      0.60666     -1.22162
   -0.347482     0.600348     -1.20562
   -0.316189     0.594254     -1.18906
   -0.284982     0.587808     -1.17373
   -0.254208     0.582314     -1.16138
   -0.223571     0.576777     -1.14989
   -0.192594     0.570799     -1.13728
   -0.162146     0.565116      -1.1251
   -0.131382     0.558889     -1.10861
    -0.10031     0.551585     -1.08756
  -0.0695459     0.544563     -1.06805
  -0.0396239     0.539035     -1.05899
  -0.0105728     0.536173     -1.06419
   0.0187407     0.534618      -1.0799
   0.0483675     0.532726     -1.09752
   0.0769161      0.53168     -1.11834
    0.106061     0.531515     -1.14417
    0.135393      0.53085     -1.16647
    0.165337     0.525276     -1.16721
    0.195482     0.521512     -1.16624
    0.225277     0.518065     -1.17102
     0.25517     0.514761     -1.17534
    0.285131     0.509424     -1.17282
    0.315177     0.503702     -1.16282
    0.344992     0.497012      -1.1493
    0.374641     0.491246     -1.13664
    0.404595     0.485267     -1.12695
     0.43403     0.479148     -1.11997
    0.463517     0.474665     -1.11749
    0.492919     0.470625     -1.12023
    0.523183     0.466985     -1.12854
    0.552844      0.46391     -1.13888
    0.582554     0.460639     -1.15145
    0.612727     0.457968     -1.16669
    0.643005     0.455848     -1.18565
    0.673493     0.453575     -1.20567
    0.703899     0.451516     -1.22475
     0.73419     0.448692     -1.24248
     0.76456     0.446006     -1.25947
    0.795521     0.443622     -1.27797
    0.826292     0.441111     -1.29691
    0.857314     0.438913     -1.31686
    0.888448     0.436632     -1.33939
    0.919905     0.435049     -1.36406
    0.951752     0.433527     -1.39202
    0.983665     0.431996     -1.42252
     1.01602     0.430439     -1.45488
   -0.507054     0.669937     -1.34202
   -0.473662     0.661541     -1.30974
   -0.441518     0.654305     -1.28732
   -0.408975      0.64709     -1.26575
   -0.377181     0.640788     -1.24726
    -0.34569     0.634328     -1.23037
   -0.314307     0.628052      -1.2131
   -0.282931     0.621653     -1.19745
   -0.251949     0.615715     -1.18395
   -0.221277     0.610412     -1.17271
   -0.190308     0.604467      -1.1613
   -0.159773     0.599097     -1.15083
   -0.129212     0.593372      -1.1374
  -0.0981131     0.586079     -1.11604
  -0.0667438     0.577549     -1.09173
  -0.0367036     0.571636     -1.07932
 -0.00722543     0.568989     -1.08299
   0.0215282     0.566981     -1.09724
   0.0517381     0.565319     -1.11633
   0.0802369     0.564719     -1.13907
    0.109292     0.565471      -1.1691
    0.138682      0.56538      -1.1951
    0.168537      0.56249     -1.20416
    0.198784     0.556881     -1.20117
    0.228981     0.551781     -1.19672
    0.259078     0.546971     -1.19321
    0.289143     0.541499       -1.185
    0.319359     0.535057       -1.171
    0.349123     0.528395     -1.15774
    0.378789     0.522653     -1.14812
    0.408738     0.517168     -1.14163
    0.438297     0.511554     -1.13674
    0.467945     0.506742     -1.13577
    0.497512     0.503209     -1.13986
    0.527668      0.49983     -1.14942
     0.55759     0.496447     -1.16228
    0.587649     0.493942     -1.17764
    0.617889      0.49166     -1.19559
    0.648318     0.490125     -1.21679
    0.679208     0.488217     -1.23983
    0.710102     0.487153     -1.26265
    0.740916     0.485331     -1.28569
    0.772008     0.483209      -1.3082
    0.803112      0.48167     -1.33099
    0.834561     0.478961     -1.35458
     0.86583     0.477272     -1.37854
    0.897388     0.475241     -1.40413
     0.92918     0.473842     -1.43153
    0.961486     0.473074     -1.46238
   -0.440711     0.690118     -1.32167
   -0.408504     0.683179     -1.29918
   -0.375699     0.675308     -1.27634
   -0.344079     0.668808     -1.25767
    -0.31235     0.662081     -1.23846
   -0.280806     0.655709     -1.22195
    -0.24969     0.649578     -1.20797
   -0.219002     0.644214     -1.19769
   -0.188236     0.638578     -1.18846
   -0.157506     0.633331     -1.17957
   -0.127089     0.628291     -1.16987
   -0.096165     0.621405     -1.15164
  -0.0646025     0.613014     -1.12585
  -0.0339119     0.605963     -1.10651
 -0.00406421     0.601337      -1.1037
   0.0243609     0.599919     -1.11816
   0.0548039     0.598973     -1.14099
   0.0835681     0.598964     -1.16633
    0.112573     0.599505      -1.1974
    0.142046     0.600429     -1.22537
     0.17182     0.598008     -1.23843
    0.202228     0.592959     -1.23638
    0.232607     0.586723     -1.22659
    0.262919     0.580559     -1.21459
    0.293063     0.573793     -1.19943
    0.323478     0.566735     -1.18329
    0.353357     0.560693     -1.17176
    0.383163     0.555377     -1.16466
    0.413076      0.55006      -1.1607
    0.442842     0.545323     -1.15902
    0.472466     0.540423     -1.16005
    0.502178     0.536615     -1.16627
    0.532276     0.533525     -1.17868
    0.562748     0.531176     -1.19577
    0.593088     0.529425     -1.21534
    0.623596     0.527737     -1.23733
    0.654505     0.526535     -1.26053
     0.68541     0.524762     -1.28591
    0.716572      0.52362     -1.31237
    0.747821     0.522188     -1.33951
    0.779684     0.521407      -1.3673
    0.811063     0.519891     -1.39256
     0.84268     0.518224     -1.41824
    0.875029     0.517377     -1.44764
   -0.408513     0.720722      -1.3413
   -0.375004     0.711796      -1.3151
   -0.343242     0.705377     -1.29476
   -0.311154     0.698156     -1.27435
   -0.279496     0.691088     -1.25613
   -0.248181     0.685199     -1.24181
   -0.217293     0.679802     -1.23192
   -0.186737     0.674738      -1.2246
   -0.155906     0.669705     -1.21756
   -0.125417     0.664787     -1.21036
   -0.094626     0.659024       -1.197
  -0.0631941     0.650688     -1.17305
   -0.031713     0.642106     -1.14735
 -0.00149746     0.636307     -1.13591
   0.0276087     0.634416     -1.14632
   0.0573962     0.633464     -1.16888
   0.0869015     0.633387     -1.19644
    0.115757     0.634841     -1.22653
    0.145379     0.634184     -1.25178
    0.175368     0.631914     -1.26576
    0.205795     0.627925     -1.26666
    0.236345     0.621811     -1.25556
     0.26682     0.614803     -1.23845
    0.297092     0.607215      -1.2191
    0.327513     0.599556     -1.20289
    0.357545      0.59376     -1.19253
    0.387433     0.588758     -1.18697
    0.417293     0.583576     -1.18487
    0.447355     0.579381     -1.18692
    0.477289      0.57586     -1.19267
    0.507325     0.572703     -1.20396
    0.537433     0.570526     -1.22075
    0.568468     0.569205     -1.24345
    0.599243     0.567694     -1.26718
    0.630006     0.565993     -1.29153
    0.661018     0.564644     -1.31755
     0.69257      0.56474     -1.34726
     0.72429     0.564544     -1.37978
   -0.343639      0.74494     -1.34852
   -0.311544     0.737649     -1.32776
    -0.27967     0.730566      -1.3087
   -0.248103      0.72441     -1.29396
    -0.21686     0.718863     -1.28306
   -0.186124     0.713601     -1.27594
   -0.155281     0.708933      -1.2709
   -0.124613     0.704132     -1.26579
  -0.0937564      0.69876      -1.2568
  -0.0627055     0.691849     -1.23974
  -0.0310067     0.683316     -1.21515
  0.00012254     0.674884     -1.19466
    0.030248     0.671455     -1.19534
   0.0592017      0.66995     -1.21112
   0.0900293     0.669047     -1.23416
    0.119114      0.67052     -1.26176
    0.148804     0.670265     -1.28554
     0.17891     0.667954     -1.29811
     0.20937     0.663586     -1.29774
    0.240144     0.656738     -1.28543
    0.270748     0.649186     -1.26678
    0.301107      0.64198     -1.24843
    0.331578     0.634882     -1.23307
    0.361668     0.628345     -1.22234
    0.391714     0.623467     -1.21766
    0.421656     0.618429     -1.21702
    0.451962     0.614092       -1.222
    0.482091     0.611245     -1.23311
    0.512388     0.609426     -1.25052
    -0.24911     0.766905      -1.3627
   -0.217562     0.760962     -1.35001
   -0.186391      0.75553     -1.34185
   -0.155601     0.750841     -1.33757
   -0.124426     0.745843     -1.33417
  -0.0937836     0.741474     -1.33053
   -0.062737     0.736309     -1.32308
  -0.0316527     0.730323      -1.3119
 -0.00051382      0.72402     -1.29981
    0.030517     0.718577     -1.29317
   0.0606799     0.715015     -1.29549
   0.0909142     0.713049     -1.30507
    0.121999     0.709061      -1.3176
    0.151922     0.707513     -1.33031
     0.18233     0.704934     -1.33717
    0.212858     0.699884     -1.33502
    0.243803     0.693657     -1.32431
    0.274563     0.685949     -1.30697
     0.30519     0.679183     -1.29109
    0.335647      0.67267     -1.27738
    0.366037     0.665431     -1.26612
    0.396243     0.660611     -1.26182
    0.426461     0.656381     -1.26349
    0.456831     0.651977     -1.27163
   0.0916665     0.761501     -1.41559
    0.122865      0.75669     -1.41096
    0.154777     0.750077     -1.40457
    0.185553     0.744723      -1.3973
    0.216447     0.738868     -1.38898
    0.247357      0.73298     -1.37892
    0.278239     0.726625     -1.36612
    0.309113     0.720359     -1.35382
    0.339731     0.713804     -1.34291
    0.370498     0.706972     -1.33392