V
    0.158358    -0.486476     -1.48739
     0.18942    -0.480556     -1.46985
    0.220397    -0.473823     -1.45158
    0.251641    -0.467224     -1.43111
    0.282447    -0.460087     -1.40887
    0.313008    -0.453422     -1.39233
     0.34377    -0.446697      -1.3813
    0.373742     -0.43946     -1.37376
    0.403803    -0.433472     -1.37517
  -0.0310353    -0.497539     -1.46919
   0.0021176    -0.490834     -1.43479
   0.0333539     -0.48342     -1.42082
   0.0632808    -0.477714     -1.42373
     0.09366     -0.46967     -1.42769
    0.123832    -0.462866     -1.43122
    0.153718    -0.456908     -1.43072
    0.184666    -0.450417     -1.41914
    0.215688    -0.443714     -1.40036
    0.246803     -0.43672     -1.37573
    0.277536    -0.429939     -1.35325
    0.307935    -0.423485     -1.33819
    0.338381    -0.416957     -1.32847
    0.368029    -0.410127     -1.32328
    0.397878    -0.403617     -1.32433
    0.427767    -0.397868     -1.33039
    0.457556    -0.391302     -1.34037
     0.63762    -0.350782     -1.43614
   -0.158772    -0.493507     -1.46469
    -0.12647     -0.48648     -1.44103
  -0.0935424    -0.479663     -1.40497
  -0.0594156    -0.472736     -1.35694
  -0.0268036    -0.466052     -1.32087
  0.00336634    -0.459281      -1.3136
   0.0322841    -0.452962     -1.32546
   0.0608826    -0.446407     -1.34648
    0.090277    -0.438801     -1.36807
    0.119135    -0.432622     -1.38339
    0.149084    -0.426827     -1.38793
     0.17963    -0.420034     -1.37882
    0.210583    -0.413449     -1.35928
    0.241816    -0.407162     -1.33367
    0.272338    -0.400975     -1.31269
    0.302609    -0.394066     -1.29958
    0.332545    -0.387268     -1.29151
     0.36227    -0.380904     -1.28756
    0.391973    -0.374769     -1.28708
    0.421788    -0.368173      -1.2903
    0.451348    -0.361573     -1.29602
    0.480977    -0.354785     -1.30348
    0.510486    -0.348385      -1.3142
    0.540404    -0.341882     -1.32886
    0.570641    -0.335085     -1.34346
    0.600334    -0.328755     -1.35707
    0.630075     -0.32232     -1.37231
    0.660196    -0.315347      -1.3888
    0.690359    -0.308419     -1.40699
    0.720637    -0.301721     -1.42287
    0.750811    -0.295599     -1.43628
    0.781074    -0.288677     -1.44817
     0.81119    -0.282046     -1.45856
    0.841465    -0.275103     -1.46906
    0.871194     -0.26836     -1.47906
    0.901407    -0.261725     -1.49068
   -0.284969    -0.489245     -1.44523
   -0.252668    -0.482895     -1.42493
    -0.22089    -0.476133     -1.40488
   -0.188951    -0.469194     -1.38423
   -0.156569    -0.462692     -1.36211
   -0.124455     -0.45565     -1.33292
  -0.0914245    -0.449048     -1.29262
  -0.0588332    -0.442301     -1.25688
  -0.0284416    -0.436049     -1.24381
 0.000324229    -0.429887     -1.25376
   0.0282735      -0.4236     -1.27477
   0.0574041    -0.416234     -1.30163
    0.085689    -0.409619     -1.32791
      0.1145    -0.403106     -1.34653
    0.144193    -0.396784     -1.35103
    0.174623    -0.390062     -1.34258
    0.205374     -0.38368     -1.32484
    0.236146    -0.377289     -1.30323
    0.266576    -0.370932     -1.28402
    0.296814    -0.364278     -1.27177
    0.326788    -0.358189     -1.26394
    0.356408    -0.351713     -1.25945
    0.386028     -0.34545     -1.25695
    0.415829    -0.339053     -1.25712
    0.445225    -0.332319     -1.25831
    0.474776    -0.325825     -1.26126
    0.504181    -0.319677     -1.26736
    0.534024    -0.313231     -1.27879
     0.56357    -0.306548     -1.29115
    0.593154    -0.299728     -1.30427
    0.622906    -0.293272     -1.31913
    0.652758    -0.286893     -1.33384
    0.682515    -0.279603     -1.34704
    0.712338    -0.273129     -1.35829
    0.742092    -0.266213     -1.36823
    0.771877    -0.259817     -1.37794
    0.801788    -0.252956     -1.38874
    0.831851    -0.246553     -1.40025
    0.861854    -0.239907     -1.41258
    0.891958    -0.233843     -1.42604
    0.922015    -0.226877     -1.43986
    0.952324    -0.220184     -1.45747
    0.982704    -0.213491     -1.47764
   -0.381368    -0.479188     -1.44272
   -0.348795     -0.47249     -1.41626
   -0.316324    -0.465937     -1.39201
     -0.2841    -0.458608     -1.36975
   -0.252314     -0.45236     -1.34976
   -0.220505    -0.445591     -1.32964
   -0.188637    -0.438864     -1.30915
    -0.15745     -0.43278     -1.29027
   -0.125721    -0.426251      -1.2624
  -0.0926925    -0.419545     -1.22464
  -0.0613779    -0.412919     -1.20087
   -0.032146    -0.406242     -1.19942
 -0.00387749     -0.40008     -1.21495
    0.023839    -0.394059     -1.23815
   0.0529773    -0.386616     -1.26737
   0.0805731    -0.379955     -1.29388
    0.109438     -0.37431     -1.31196
    0.139324    -0.367589       -1.317
     0.16965    -0.360876     -1.30851
    0.200159    -0.354255     -1.29429
    0.230484    -0.347905      -1.2788
    0.260754     -0.34165     -1.26355
    0.290963    -0.335205     -1.25212
    0.320845    -0.329328     -1.24328
    0.350384    -0.322623     -1.23699
    0.380054    -0.316237     -1.23172
    0.409641    -0.309696     -1.22888
     0.43911    -0.303197     -1.22686
    0.468525    -0.297257     -1.22752
    0.497723    -0.290787     -1.23172
    0.527588    -0.283879     -1.24086
    0.556688    -0.277551     -1.25155
    0.586299    -0.270768     -1.26474
    0.615849    -0.264273     -1.27894
    0.645726    -0.257901     -1.29345
    0.675244    -0.250927     -1.30472
    0.704711    -0.244253     -1.31302
    0.734259    -0.238033     -1.31943
    0.763848     -0.23172     -1.32529
    0.793468    -0.225024     -1.33243
    0.822919    -0.218964     -1.34032
    0.852408    -0.211953     -1.35175
      0.8824    -0.205617     -1.36635
    0.912518    -0.198597     -1.38361
    0.942896    -0.192409     -1.40298
    0.972974    -0.185268     -1.42263
     1.00353     -0.17814     -1.44519
   -0.415792    -0.455907     -1.41655
   -0.382629    -0.448858     -1.38939
   -0.350215      -0.4421     -1.36514
   -0.317939    -0.435637     -1.34164
   -0.285794    -0.428767      -1.3193
   -0.254066    -0.422379     -1.29915
    -0.22283    -0.415999     -1.28113
   -0.191246    -0.409613     -1.26275
   -0.160217    -0.403154     -1.24272
   -0.128024    -0.396891     -1.21148
  -0.0955861    -0.390327     -1.17925
  -0.0653735    -0.384007     -1.16494
  -0.0364958     -0.37735     -1.16851
 -0.00841189    -0.370966     -1.18322
   0.0197563    -0.364482     -1.20622
    0.048302    -0.357404     -1.23208
   0.0766279    -0.351213     -1.24928
    0.105721    -0.344515     -1.26505
    0.134692    -0.338152     -1.27455
    0.164738    -0.331343     -1.27196
    0.194808    -0.325142     -1.26602
    0.224712    -0.318336     -1.25929
     0.25456    -0.312276     -1.25125
    0.284922    -0.306047     -1.24025
    0.314693    -0.299781     -1.22835
    0.344324    -0.293506     -1.21911
    0.374102    -0.287554     -1.21109
    0.403722    -0.281194     -1.20549
    0.432958    -0.274374      -1.2015
    0.462332    -0.268435     -1.20114
    0.491497    -0.262149     -1.20504
    0.521264    -0.255649     -1.21338
    0.550384    -0.248875     -1.22355
    0.579637    -0.242128     -1.23658
    0.609202    -0.235545     -1.25037
    0.638826    -0.228939     -1.26416
    0.668326    -0.222526     -1.27461
    0.697748    -0.215785     -1.28214
    0.727009    -0.209404      -1.2865
    0.756328    -0.202719     -1.28973
    0.785761    -0.196289     -1.29447
    0.814994    -0.190483     -1.30017
    0.844459    -0.184018     -1.30893
    0.874025    -0.177361     -1.32168
    0.903936    -0.170555     -1.33797
    0.933791    -0.164201     -1.35483
    0.963663     -0.15753     -1.37332
    0.993875    -0.150655     -1.39415
     1.02466    -0.143337     -1.41871
     1.05591     -0.13635     -1.44764
   -0.483504    -0.438718     -1.42564
   -0.450521    -0.432104      -1.3975
    -0.41714    -0.425364     -1.37176
   -0.385118    -0.418753     -1.34989
   -0.352905    -0.412504     -1.32772
   -0.320942    -0.406006     -1.30604
   -0.289019    -0.399544     -1.28517
   -0.257658    -0.392952     -1.26607
   -0.226428    -0.386672       -1.248
   -0.194823    -0.380179     -1.22828
   -0.163688    -0.373714     -1.20489
   -0.131212    -0.367716     -1.17256
  -0.0997129    -0.360989      -1.1465
  -0.0696953    -0.354854     -1.13595
  -0.0410559    -0.348316     -1.14217
  -0.0134184    -0.342099     -1.15758
   0.0154334    -0.335143     -1.17979
   0.0438772    -0.328925     -1.19825
   0.0722179     -0.32216     -1.21459
    0.100742    -0.315278     -1.23061
    0.130397    -0.309015     -1.23267
    0.159942    -0.302134     -1.23441
     0.18935    -0.295538     -1.23917
    0.218912    -0.289267     -1.24137
    0.248524    -0.283053     -1.23963
    0.278659    -0.276663     -1.23105
     0.30852    -0.270664     -1.21737
    0.338253    -0.264599     -1.20527
    0.368011    -0.258386     -1.19425
    0.397485    -0.252038     -1.18638
     0.42684    -0.245641      -1.1813
    0.456078    -0.239517     -1.18024
    0.485251    -0.233209     -1.18429
     0.51482    -0.226621     -1.19219
    0.543778     -0.21989     -1.20234
    0.573211    -0.213614     -1.21534
    0.602443    -0.206488     -1.22928
    0.632169    -0.199953     -1.24277
    0.661595    -0.193999     -1.25111
    0.690731    -0.187559     -1.25474
    0.719828    -0.181179     -1.25464
      0.7491    -0.174772     -1.25637
      0.7783    -0.168652     -1.26153
     0.80737    -0.161933      -1.2685
    0.836897    -0.155982     -1.27809
     0.86633    -0.149274     -1.29015
    0.895993    -0.142792     -1.30411
    0.925464     -0.13655     -1.31768
    0.955039    -0.129199     -1.33277
    0.984482    -0.122817     -1.34916
     1.01536    -0.115684      -1.3698
     1.04528    -0.108958      -1.3919
     1.07576    -0.101695     -1.41771
   -0.518717    -0.415522     -1.41609
   -0.485056      -0.4085     -1.38379
   -0.452897    -0.402187     -1.36002
   -0.419604    -0.395525      -1.3359
   -0.388239    -0.389052     -1.31671
   -0.356181     -0.38266     -1.29632
   -0.324646    -0.376164     -1.27712
   -0.293068    -0.369994     -1.25776
   -0.261659    -0.363614     -1.23863
   -0.230286    -0.356964     -1.21912
   -0.198767    -0.350848     -1.19795
   -0.167255    -0.344803     -1.17185
   -0.135082    -0.338509     -1.14174
   -0.104243    -0.332377     -1.12179
  -0.0744189    -0.326263     -1.11273
  -0.0457637    -0.319971     -1.11938
   -0.018586    -0.313358     -1.13732
    0.010357    -0.306143      -1.1596
   0.0380725    -0.299866     -1.18014
   0.0665998    -0.292528     -1.19921
   0.0953576    -0.286144     -1.20909
    0.125055    -0.279729     -1.20672
    0.154927    -0.273471     -1.20623
    0.183861    -0.266589     -1.21556
    0.213109    -0.260393     -1.22389
     0.24267    -0.254181     -1.22532
    0.272516    -0.247531     -1.22025
    0.302267    -0.241447     -1.20754
    0.332162    -0.235508     -1.19181
    0.361933    -0.229401     -1.17859
    0.391354    -0.222972     -1.16952
    0.420701    -0.216875     -1.16354
    0.449864    -0.210893     -1.16295
    0.479183    -0.204707     -1.16768
    0.508388    -0.198054     -1.17554
    0.537532    -0.191402     -1.18653
     0.56679    -0.184663     -1.19959
    0.596136    -0.178201     -1.21321
    0.625628    -0.171626      -1.2226
    0.654689    -0.165537      -1.2226
    0.683595    -0.159171     -1.22056
    0.712528    -0.153481      -1.2195
    0.741922    -0.146834     -1.22428
    0.771034    -0.140519     -1.23358
    0.800257    -0.133722     -1.24425
    0.829691    -0.127487     -1.25497
    0.859071    -0.121028     -1.26644
    0.888498    -0.114572     -1.27837
    0.917784    -0.107831     -1.28984
    0.947216    -0.101493     -1.30248
    0.976236   -0.0946576     -1.31562
     1.00671   -0.0877789     -1.33189
     1.03588   -0.0817223     -1.34711
     1.06534   -0.0749887     -1.36304
     1.09523   -0.0677534     -1.38457
     1.12649   -0.0602169     -1.41805
    -0.55508    -0.391787     -1.41238
   -0.520632    -0.385157     -1.37519
   -0.487454    -0.378693     -1.34838
   -0.455559    -0.372384       -1.327
   -0.422797     -0.36586     -1.30503
   -0.391327    -0.359563     -1.28694
   -0.359772    -0.353306     -1.26833
   -0.328315    -0.346933      -1.2505
   -0.296926    -0.340691     -1.23151
   -0.265688    -0.334335      -1.2125
   -0.234185    -0.327928     -1.19211
   -0.202828     -0.32197     -1.17044
   -0.171172    -0.315899     -1.14395
   -0.139551    -0.309685     -1.11798
   -0.109206     -0.30373     -1.10346
   -0.079943    -0.297457     -1.09612
  -0.0508612     -0.29094     -1.10163
  -0.0239528    -0.284186     -1.12223
  0.00495695    -0.277019     -1.14501
   0.0324108    -0.270622     -1.16844
   0.0606971    -0.263169      -1.1874
   0.0900303    -0.257132     -1.19191
     0.11953    -0.251113      -1.1896
     0.14929    -0.244607     -1.18778
    0.178191    -0.237734     -1.19746
    0.207188    -0.231113     -1.20787
    0.236604    -0.224589     -1.21048
     0.26639    -0.218347     -1.20798
     0.29613    -0.212335     -1.19599
    0.326062    -0.206377     -1.17743
    0.355954    -0.200584     -1.16277
    0.385357    -0.194594     -1.15344
    0.414476    -0.188294     -1.14815
     0.44357    -0.182265     -1.14853
    0.472891    -0.175724     -1.15494
     0.50219    -0.169329     -1.16403
    0.531199    -0.162445      -1.1757
    0.560372    -0.155707       -1.188
    0.589575    -0.149685      -1.1961
     0.61878    -0.143161      -1.1956
    0.647763    -0.137331     -1.18932
    0.676637    -0.131677     -1.18566
    0.705405    -0.125224     -1.18686
    0.734715    -0.118581     -1.19708
    0.764008    -0.111861     -1.21202
    0.793267    -0.105091     -1.22574
    0.822603   -0.0988364     -1.23625
    0.851979   -0.0927441       -1.246
    0.881159   -0.0863668     -1.25518
    0.910288   -0.0801308     -1.26459
    0.939396   -0.0735617     -1.27638
    0.968705   -0.0668367     -1.28986
    0.998788   -0.0600103     -1.30462
     1.02761   -0.0537411       -1.316
     1.05663   -0.0475253     -1.32562
     1.08564   -0.0411415     -1.33605
     1.11501   -0.0341818     -1.35269
     1.14545   -0.0267713     -1.37966
   -0.556314    -0.362097     -1.37221
   -0.522897    -0.355805     -1.34048
   -0.490593    -0.349356      -1.3182
   -0.458518    -0.342972     -1.29806
   -0.426463    -0.336548     -1.27876
   -0.395225    -0.330259     -1.26215
   -0.363826    -0.324153     -1.24429
   -0.332269     -0.31785     -1.22602
   -0.300991    -0.311517     -1.20689
   -0.269875    -0.305253     -1.18775
    -0.23816    -0.298879     -1.16627
   -0.206956    -0.293028     -1.14464
   -0.175557    -0.287145     -1.12051
   -0.144373    -0.280992     -1.09854
   -0.114392    -0.274961     -1.08641
  -0.0850108    -0.268695     -1.07899
  -0.0562219    -0.262126     -1.08676
  -0.0296351    -0.255426     -1.11246
-0.000702287    -0.248115     -1.13608
   0.0262642    -0.240889     -1.16055
   0.0546881    -0.234207     -1.18072
    0.083784    -0.227912     -1.18432
     0.11376    -0.221885     -1.17899
    0.143377    -0.215407     -1.17608
    0.172313    -0.208918      -1.1854
    0.201363    -0.202215      -1.1945
    0.230762    -0.195655     -1.19769
    0.260322    -0.189139     -1.19545
     0.29015    -0.183239     -1.18098
    0.320084    -0.177882     -1.16208
     0.34982    -0.171929     -1.14757
     0.37916    -0.165737     -1.13872
    0.408357     -0.15965     -1.13558
    0.437352    -0.153583     -1.13783
    0.466631    -0.146635     -1.14622
    0.495814    -0.140233     -1.15741
     0.52485    -0.133702     -1.16879
    0.553901    -0.127246     -1.17518
    0.583031    -0.121292     -1.17382
    0.612166    -0.115518     -1.16555
    0.640862    -0.109754     -1.15704
    0.669805    -0.103734     -1.15476
    0.698565   -0.0973616     -1.16053
    0.728041     -0.09093     -1.17621
    0.757391   -0.0837321     -1.19627
    0.786708   -0.0771952     -1.21073
    0.815505   -0.0706649     -1.21714
    0.844728   -0.0645737     -1.22349
    0.873595   -0.0581448     -1.23036
     0.90259   -0.0517524     -1.23939
    0.931628   -0.0452857     -1.25091
     0.96116      -0.0388     -1.26493
    0.990763   -0.0322701     -1.27857
     1.01939   -0.0258439     -1.28712
     1.04816   -0.0199797     -1.29272
     1.07643   -0.0139031     -1.29728
     1.10539  -0.00788581     -1.30594
     1.13435  -0.00137244     -1.31961
   -0.593715    -0.338771     -1.37715
   -0.558526    -0.332551     -1.33935
   -0.525904    -0.326536     -1.31205
   -0.494072    -0.320057     -1.29218
   -0.461841    -0.313737     -1.27254
   -0.430411    -0.307513     -1.25541
   -0.399217    -0.300885     -1.23948
   -0.368069    -0.294627     -1.22228
    -0.33647    -0.288645      -1.2039
   -0.305197    -0.282678     -1.18464
   -0.274076    -0.276342     -1.16476
   -0.242283    -0.270267      -1.1422
    -0.21127    -0.264155     -1.12086
   -0.180256    -0.258352      -1.0999
   -0.149453    -0.252411     -1.08177
   -0.119587    -0.246413     -1.07054
   -0.089965    -0.240303     -1.06287
  -0.0618543    -0.233493     -1.07473
  -0.0354233    -0.226606     -1.10513
 -0.00685984    -0.218983     -1.13162
   0.0203412    -0.212618     -1.15696
   0.0479963     -0.20491     -1.17771
   0.0774149    -0.198269     -1.18053
    0.107506    -0.192407     -1.17298
    0.137123    -0.186068     -1.16964
      0.1662    -0.179497     -1.17762
     0.19539    -0.173258     -1.18394
    0.224637    -0.166426     -1.18592
    0.254463    -0.160193     -1.17899
    0.284418    -0.154696      -1.1622
    0.314102    -0.149073     -1.14575
    0.343891    -0.143582     -1.13351
    0.373093     -0.13726     -1.12683
    0.402262    -0.130865      -1.1261
    0.431153    -0.124701     -1.13138
     0.46038    -0.117807     -1.14196
    0.489563    -0.111321     -1.15345
    0.518596    -0.105101     -1.15874
    0.547477   -0.0988349     -1.15408
    0.576502   -0.0933798       -1.146
    0.605593   -0.0880961     -1.13582
     0.63415   -0.0822851      -1.1283
    0.662846   -0.0760005     -1.12781
     0.69182   -0.0694908     -1.13716
    0.721176   -0.0625779     -1.15766
    0.751042   -0.0548883     -1.18516
     0.77984   -0.0483373     -1.19748
    0.808197   -0.0425642     -1.19389
    0.837307    -0.036809     -1.19583
    0.866219   -0.0308772     -1.20242
    0.895062   -0.0236368     -1.21311
    0.923885   -0.0174017     -1.22564
     0.95371   -0.0106853     -1.24048
    0.982884  -0.00448737     -1.25292
     1.01136   0.00156548     -1.25951
     1.03964   0.00744019       -1.262
      1.0679    0.0133443     -1.26432
     1.09645    0.0188264     -1.26894
     1.12468    0.0252072      -1.2765
     1.15394    0.0316414     -1.29287
   -0.631015    -0.315263     -1.38395
   -0.596616    -0.309116     -1.34724
    -0.56192    -0.302735     -1.31309
   -0.529525    -0.296831     -1.28827
   -0.498032    -0.290594     -1.26954
   -0.465623    -0.284296     -1.25047
   -0.434766    -0.278059     -1.23493
   -0.403285    -0.271889     -1.21826
   -0.372383    -0.265665     -1.20176
   -0.341013    -0.259731     -1.18386
   -0.309669     -0.25365     -1.16408
   -0.278369    -0.247552     -1.14321
   -0.246611    -0.241398     -1.12062
   -0.215824    -0.235517     -1.10064
   -0.185011    -0.229842     -1.08149
    -0.15449    -0.223831     -1.06613
   -0.124992    -0.217643     -1.05685
  -0.0955873    -0.211724     -1.05147
  -0.0680063    -0.204977     -1.06761
  -0.0414544    -0.197705     -1.10077
   -0.013261    -0.189473     -1.13114
   0.0134643    -0.182059     -1.15687
   0.0419489    -0.175358       -1.174
   0.0712311      -0.1691     -1.17723
    0.101089    -0.163456     -1.17169
    0.130714    -0.156881      -1.1685
    0.159834    -0.150067     -1.17322
     0.18923    -0.144081     -1.17533
    0.218656    -0.137812     -1.17183
    0.248774    -0.131538      -1.1592
    0.278502    -0.126276      -1.1441
    0.308303    -0.120747     -1.13018
    0.337696    -0.114496     -1.12128
    0.366968    -0.108792     -1.11864
    0.396078    -0.102449     -1.12027
    0.424831   -0.0956918     -1.12787
    0.454059   -0.0887576     -1.13921
     0.48323   -0.0826955     -1.14491
     0.51226   -0.0769539     -1.14022
    0.540973   -0.0707641     -1.12858
    0.570131   -0.0654994     -1.11799
    0.598865    -0.060427     -1.10708
    0.627601   -0.0546643     -1.10041
    0.655908   -0.0484287     -1.09976
    0.684948   -0.0420963     -1.10926
    0.714301   -0.0353977     -1.13226
    0.744393   -0.0269684      -1.1662
    0.773013   -0.0198814     -1.17657
    0.801083   -0.0156673     -1.16317
    0.829317   -0.0100726     -1.15946
    0.858171   -0.0030489     -1.16704
    0.887453   0.00302128     -1.18198
    0.916158   0.00956622      -1.1983
    0.946245    0.0170388     -1.21604
    0.975188    0.0228942     -1.22902
     1.00361    0.0290421     -1.23508
     1.03166    0.0347246     -1.23563
     1.05971    0.0402709     -1.23551
     1.08773    0.0457781     -1.23748
       1.116    0.0518369     -1.24352
     1.14474    0.0585327     -1.25743
      1.1745    0.0650816      -1.2815
   -0.634228    -0.285474     -1.35759
   -0.599655    -0.279884     -1.32224
   -0.565809    -0.273629     -1.29062
   -0.533228    -0.267656     -1.26705
   -0.502279     -0.26106     -1.24954
   -0.469947    -0.255142     -1.23164
    -0.43926    -0.248786     -1.21687
    -0.40781     -0.24274     -1.19983
   -0.376829      -0.2365      -1.1832
   -0.345526    -0.230556     -1.16516
   -0.314159    -0.224855     -1.14501
   -0.282923     -0.21865     -1.12359
   -0.251337    -0.212943     -1.10181
   -0.220594    -0.207195     -1.08291
   -0.190001    -0.201223     -1.06529
   -0.159761    -0.195204       -1.052
   -0.130198    -0.189465     -1.04297
   -0.100865    -0.183128     -1.03825
  -0.0740283    -0.176446     -1.05896
  -0.0474831    -0.169058     -1.09625
  -0.0197711    -0.160318     -1.13184
  0.00720181    -0.153268     -1.15768
   0.0355878    -0.146933     -1.17579
   0.0644236    -0.140085     -1.18182
   0.0944215     -0.13354     -1.17339
    0.124356    -0.127427      -1.1678
    0.153714    -0.121421     -1.16806
    0.183189    -0.115006      -1.1637
    0.213084    -0.109079     -1.15349
    0.243078     -0.10344     -1.14005
    0.272628   -0.0974335     -1.12731
    0.302278   -0.0919733     -1.11528
    0.331727   -0.0859975     -1.10913
    0.360753   -0.0797488     -1.10944
    0.389799   -0.0734597       -1.115
    0.418527   -0.0664987     -1.12447
     0.44776   -0.0601588     -1.13147
    0.477106   -0.0544134     -1.12884
    0.506063   -0.0489379     -1.11783
     0.53479   -0.0433853     -1.10418
    0.563651   -0.0377434     -1.09208
    0.592301   -0.0328157     -1.07981
    0.620727   -0.0269191     -1.07209
    0.649095    -0.021267      -1.0709
    0.678239   -0.0145512     -1.08158
    0.707132  -0.00746242     -1.10618
    0.737133  0.000953769     -1.14057
    0.765779   0.00631006      -1.1446
    0.793275    0.0113325     -1.12713
    0.821438    0.0167929     -1.12127
    0.849974    0.0230014     -1.12785
    0.879528    0.0295103     -1.14666
    0.908659    0.0364964     -1.16974
    0.938901    0.0441058     -1.19222
    0.967576     0.050537     -1.20646
    0.995972    0.0565205     -1.21219
     1.02396    0.0619628     -1.21153
     1.05179    0.0672759     -1.21018
     1.07967    0.0730897     -1.21141
     1.10767    0.0789065     -1.21734
     1.13658    0.0852354     -1.23077
     1.16598    0.0920222      -1.2535
     1.19692    0.0999645     -1.28583
   -0.671854    -0.262073     -1.37001
    -0.63778    -0.256233      -1.3352
   -0.603313      -0.2502     -1.30049
   -0.569787    -0.244185     -1.27082
   -0.537642    -0.238277      -1.2491
   -0.506634    -0.232007     -1.23226
   -0.474601    -0.225928     -1.21544
   -0.443822    -0.219797     -1.20053
    -0.41251    -0.213738     -1.18352
   -0.381551    -0.207702      -1.1672
   -0.350331    -0.201822     -1.14894
   -0.319032    -0.195963     -1.12839
   -0.287502    -0.190273     -1.10654
   -0.256077    -0.184427     -1.08502
   -0.225445    -0.178608     -1.06669
   -0.195068    -0.172791     -1.05013
   -0.164971    -0.166731     -1.03801
   -0.135385    -0.161004       -1.029
   -0.106291    -0.154616     -1.02647
  -0.0799169    -0.147465     -1.04765
  -0.0530772    -0.139931     -1.08724
  -0.0259774    -0.131267     -1.12977
 0.000571464    -0.123952     -1.15786
    0.028488    -0.116365     -1.18055
   0.0570157    -0.109781     -1.19133
   0.0880821    -0.104341     -1.17536
     0.11806   -0.0986725     -1.16488
     0.14757   -0.0921871      -1.1578
    0.177607   -0.0869246     -1.14538
    0.207652   -0.0810372     -1.13234
    0.237365   -0.0753391     -1.11977
    0.266898    -0.069144     -1.10728
    0.296322   -0.0634046     -1.09717
    0.325756   -0.0576445     -1.09458
    0.354607   -0.0510833     -1.09737
    0.383512   -0.0447325     -1.10322
    0.412408   -0.0384344     -1.11049
    0.441823   -0.0320989     -1.11514
    0.470967   -0.0266992       -1.109
    0.499724   -0.0209744     -1.09589
    0.528513   -0.0160959     -1.08131
     0.55732   -0.0110074     -1.06747
    0.585864  -0.00518045     -1.05491
     0.61439  -0.00060538     -1.04628
    0.642666    0.0051939     -1.04505
    0.671634    0.0124194     -1.05873
    0.700279    0.0197001     -1.08472
    0.730353    0.0262668     -1.11739
    0.759175    0.0331943     -1.11614
    0.785985    0.0382983     -1.09576
    0.814088    0.0435444     -1.08942
    0.842115      0.04945     -1.09319
    0.871136     0.056409     -1.11222
    0.901307    0.0635695     -1.14302
    0.931605    0.0714778     -1.17104
    0.960257    0.0781035     -1.18725
    0.988673    0.0840679     -1.19319
     1.01641     0.089298     -1.19156
     1.04413    0.0949888     -1.18962
     1.07205      0.10045     -1.19096
     1.10014     0.106318     -1.19727
     1.12869     0.112743     -1.20983
      1.1579     0.119219     -1.23108
     1.18847     0.126854     -1.26347
   -0.675541    -0.232621     -1.34804
   -0.641661    -0.226498     -1.31544
   -0.607432    -0.221069     -1.28228
   -0.574496    -0.214835     -1.25476
   -0.542362    -0.209144     -1.23396
   -0.511254    -0.203112     -1.21726
   -0.479376    -0.196757     -1.20085
   -0.448765     -0.19057     -1.18622
   -0.417371    -0.184832     -1.16913
   -0.386504    -0.178725     -1.15277
   -0.355188    -0.172935     -1.13386
   -0.323858     -0.16718     -1.11315
    -0.29236    -0.161678     -1.09141
   -0.261093    -0.155855     -1.07043
   -0.230636    -0.150215     -1.05295
   -0.200285    -0.144261     -1.03707
   -0.170212    -0.138281     -1.02503
   -0.140692    -0.132496     -1.01707
   -0.112184     -0.12596     -1.01909
  -0.0854963    -0.118913     -1.03753
  -0.0584923    -0.110823     -1.07529
  -0.0321276     -0.10205      -1.1235
 -0.00556909   -0.0949391     -1.15464
    0.022308   -0.0873292     -1.17737
   0.0504868   -0.0800786     -1.18946
   0.0817122   -0.0750289     -1.17245
    0.111729   -0.0690437      -1.1568
    0.142177   -0.0640771     -1.13883
    0.172229   -0.0586454     -1.11944
    0.202291   -0.0527808     -1.10342
    0.232133   -0.0475285     -1.08894
    0.261564    -0.042011     -1.07655
    0.290947   -0.0361572     -1.07015
    0.319972   -0.0301424     -1.06489
    0.349116   -0.0250719     -1.04145
    0.378663   -0.0205549     -1.02317
    0.407326   -0.0142443     -1.03168
    0.436065  -0.00646722     -1.06103
    0.464976  0.000977252     -1.08032
    0.493537    0.0062181     -1.07283
      0.5222    0.0115609     -1.05622
    0.550939     0.016509     -1.04102
    0.579395    0.0219075     -1.02995
    0.607691    0.0273272     -1.02273
    0.636113     0.032919     -1.02341
    0.664832    0.0400309     -1.03766
    0.692253    0.0473731     -1.06354
     0.72228    0.0559499     -1.10027
    0.754465    0.0620027     -1.10155
    0.779201    0.0655418     -1.07495
    0.806961    0.0704646     -1.06541
    0.834958    0.0762855     -1.06714
    0.863401    0.0826594     -1.08396
    0.894222    0.0910534     -1.12004
    0.924474    0.0993427     -1.15501
    0.953373      0.10597      -1.1733
    0.981735     0.111819     -1.17914
     1.00934     0.116886     -1.17595
     1.03702     0.122232     -1.17291
     1.06469     0.127521     -1.17373
     1.09282     0.133405     -1.18074
     1.12123     0.139843     -1.19335
     1.15062     0.146575     -1.21428
      1.1807     0.153754     -1.24445
     1.21227     0.163017     -1.28362
   -0.714704    -0.208588     -1.36349
   -0.679797    -0.203355     -1.32897
   -0.646141    -0.197466     -1.29914
    -0.61201    -0.191673     -1.26727
   -0.579217    -0.185857     -1.24089
   -0.547119    -0.180005     -1.22047
   -0.516076    -0.173827      -1.2038
   -0.484304    -0.167775     -1.18762
   -0.453757    -0.161848     -1.17351
   -0.422557    -0.156084     -1.15694
   -0.391565    -0.150109     -1.13998
   -0.360172    -0.144146     -1.12002
   -0.328946    -0.138409     -1.09946
   -0.297527    -0.133004     -1.07836
   -0.266313    -0.127355     -1.05786
    -0.23585    -0.121577     -1.04068
   -0.205662    -0.116037     -1.02605
   -0.175687    -0.110142      -1.0155
     -0.1464    -0.104094     -1.00919
   -0.117903   -0.0975469     -1.01178
  -0.0906807   -0.0907164     -1.02638
  -0.0637673   -0.0827252     -1.06143
  -0.0380006   -0.0738651     -1.11161
  -0.0115128   -0.0661168     -1.14693
   0.0166338   -0.0587531     -1.16656
   0.0455767   -0.0520063     -1.17094
   0.0759044   -0.0463358     -1.15619
    0.106598   -0.0413675     -1.13254
    0.137336   -0.0365884     -1.10335
    0.167691   -0.0315596     -1.07754
     0.19792   -0.0262853     -1.05708
    0.227571   -0.0211978     -1.04182
    0.256799   -0.0155813     -1.03055
    0.285731  -0.00979372     -1.01914
    0.315755  -0.00614921    -0.979429
    0.345896  -0.00368641    -0.929376
    0.374474   0.00192647    -0.921646
    0.402692   0.00941335    -0.952113
    0.430296    0.0187257      -1.0026
    0.458532    0.0282261     -1.04368
    0.487195     0.033743     -1.04427
    0.515963    0.0385528     -1.02781
     0.54463    0.0437571     -1.01451
     0.57293    0.0489782     -1.00592
    0.601229    0.0545301     -1.00179
    0.629963    0.0599472     -1.00543
    0.658263    0.0669323     -1.01896
    0.687056    0.0749834     -1.04623
    0.717421    0.0856903      -1.0982
    0.745567     0.091007     -1.10244
    0.772592    0.0926662      -1.0616
    0.800345    0.0974761     -1.04845
    0.828205     0.103331     -1.04919
    0.856581     0.109313     -1.06413
    0.887168     0.118567     -1.10215
    0.917767     0.127428     -1.14439
    0.946698     0.134219     -1.16409
    0.974852     0.139574     -1.16687
     1.00227     0.144409     -1.16191
     1.03005     0.149971     -1.15945
     1.05762     0.155541      -1.1607
     1.08578     0.160955     -1.16746
     1.11412     0.167293     -1.17998
     1.14344     0.174333     -1.20083
     1.17328     0.181737     -1.22955
     1.20459     0.190399     -1.27045
   -0.717652    -0.179766     -1.34228
   -0.683864    -0.173805     -1.31076
   -0.650314    -0.168306     -1.28266
   -0.616755    -0.162521      -1.2534
   -0.584163    -0.156927      -1.2286
   -0.552225     -0.15088     -1.20833
   -0.521129    -0.144932     -1.19175
   -0.489649     -0.13876     -1.17618
   -0.458903    -0.132904     -1.16191
   -0.427949    -0.127072     -1.14596
   -0.396755    -0.121116     -1.12863
   -0.365272    -0.115662     -1.10807
   -0.334127    -0.109959     -1.08774
   -0.302904    -0.104228     -1.06719
   -0.271714   -0.0987723     -1.04727
   -0.241196   -0.0931606     -1.03019
   -0.211159   -0.0874951     -1.01678
   -0.181597    -0.081461     -1.00894
   -0.152411   -0.0754604     -1.00411
   -0.123789   -0.0690391     -1.00603
  -0.0963077   -0.0622236     -1.01713
  -0.0687232   -0.0542211     -1.04452
  -0.0429856   -0.0456207      -1.0886
  -0.0170254    -0.037175     -1.12887
   0.0108696   -0.0295652      -1.1486
   0.0404162   -0.0236481     -1.14529
   0.0711321    -0.018707     -1.12155
    0.102807   -0.0149169     -1.08224
    0.134053   -0.0107411     -1.04401
    0.164268  -0.00582848     -1.01843
    0.193953 -0.000472392      -0.9964
    0.223519   0.00422686    -0.972511
    0.253296    0.0084378    -0.948648
    0.283031     0.011981    -0.918127
    0.312773    0.0156233    -0.876741
    0.341108    0.0208488    -0.859863
    0.368993    0.0276843    -0.875637
    0.396805    0.0371136    -0.918497
     0.42418    0.0472443    -0.981351
    0.452627    0.0550774     -1.01477
    0.481231     0.060411     -1.01315
    0.509733    0.0656642     -1.00093
    0.538402    0.0709269     -0.99272
    0.566668    0.0760894     -0.98751
    0.594933    0.0815278    -0.984744
    0.623547    0.0872572    -0.988763
    0.651929    0.0941235     -1.00146
    0.680738     0.101385     -1.02815
    0.711385     0.112282     -1.08933
    0.739553     0.118869     -1.10079
    0.766298     0.120625     -1.05576
    0.793903      0.12545     -1.03936
    0.821814      0.13062     -1.03861
    0.849863     0.137087     -1.05127
    0.880589     0.145705     -1.09055
    0.911485     0.155704     -1.13916
    0.940379     0.162702     -1.15904
    0.968084     0.167628     -1.15742
    0.995588     0.172139     -1.15152
     1.02335     0.177554     -1.14958
     1.05093     0.183046     -1.15104
     1.07907      0.18874     -1.15784
      1.1073     0.194984     -1.17008
     1.13662     0.202009     -1.19086
     1.16649     0.209677     -1.21963
     1.19762     0.218028      -1.2613
   -0.756677    -0.156239     -1.35113
   -0.721952    -0.150109     -1.32594
   -0.688498    -0.144331     -1.29601
   -0.655008    -0.138938     -1.26866
   -0.621708    -0.133314     -1.24106
   -0.589328    -0.127669     -1.21721
   -0.557347    -0.121995     -1.19706
   -0.526233    -0.115914     -1.18036
   -0.494718    -0.109977     -1.16504
   -0.464001    -0.104141     -1.15067
   -0.433087   -0.0982298     -1.13506
   -0.402141   -0.0921894     -1.11846
   -0.370711   -0.0868939     -1.09877
   -0.339675   -0.0813904     -1.07919
   -0.308473   -0.0757002     -1.05944
    -0.27751   -0.0700833     -1.04061
   -0.247083   -0.0646419     -1.02427
   -0.217035   -0.0590933     -1.01125
   -0.187542   -0.0527178     -1.00396
   -0.158442   -0.0468885     -1.00008
   -0.129824   -0.0406734      -1.0017
   -0.102133   -0.0339982     -1.00967
  -0.0735615   -0.0263073     -1.02797
  -0.0469724    -0.018668     -1.05699
  -0.0207129  -0.00998103     -1.08859
  0.00726097  -0.00290322     -1.10265
   0.0373636   0.00224293     -1.08927
    0.069244   0.00610417     -1.04911
    0.101122   0.00950354      -1.0047
    0.131257    0.0138756    -0.975478
    0.160911    0.0191034    -0.953418
    0.190934     0.023378    -0.923086
    0.221226    0.0266143    -0.885697
    0.250664    0.0310445    -0.856701
    0.279461    0.0353471    -0.833928
    0.308093    0.0401555    -0.817792
    0.335803    0.0464221      -0.8191
    0.363571     0.053821     -0.83801
    0.391146    0.0621727    -0.874364
    0.418639     0.072463    -0.944024
    0.446693    0.0812909    -0.984364
     0.47521    0.0867213    -0.985992
    0.503644    0.0927063    -0.981132
    0.532095    0.0984613    -0.978659
    0.560471      0.10394    -0.977744
    0.588676     0.109308    -0.975188
    0.617273     0.114804    -0.976567
    0.645431     0.121658    -0.987186
    0.674192     0.129256     -1.01301
    0.704776     0.140348     -1.07533
    0.733669     0.148605     -1.10321
     0.76024      0.14909     -1.05751
    0.787787     0.153461     -1.03539
    0.815619     0.158742     -1.03334
    0.843547     0.165061     -1.04359
    0.874018     0.173776     -1.08325
    0.905501     0.184139     -1.13733
    0.934252     0.190919      -1.1566
    0.961582     0.195789     -1.15158
    0.989101     0.200249     -1.14473
     1.01694     0.205574     -1.14306
     1.04456     0.211068     -1.14483
     1.07263     0.216636     -1.15155
      1.1008     0.223109     -1.16346
     1.13007     0.229691     -1.18377
     1.15984     0.237581     -1.21258
     1.19095     0.246613     -1.25456
   -0.761236    -0.126631     -1.33796
   -0.726387    -0.121005     -1.31215
   -0.693445    -0.115313     -1.28378
   -0.659949    -0.109876     -1.25672
   -0.626701    -0.103944     -1.22968
   -0.594445   -0.0984332     -1.20628
   -0.562611   -0.0926444     -1.18644
   -0.531354   -0.0869734     -1.16989
   -0.500031   -0.0809751     -1.15496
   -0.469513   -0.0749627      -1.1412
   -0.438561   -0.0693042     -1.12581
   -0.407658   -0.0634004     -1.11015
   -0.376463   -0.0580863     -1.09196
   -0.345473   -0.0525004     -1.07342
   -0.314523   -0.0470317     -1.05559
   -0.283809   -0.0412776     -1.03825
   -0.253336   -0.0358946     -1.02216
   -0.223238   -0.0302484     -1.00865
   -0.193625   -0.0242961     -1.00064
   -0.164509   -0.0182805    -0.996261
   -0.135789   -0.0118833    -0.996681
   -0.108058  -0.00550476     -1.00196
  -0.0789579   0.00162377     -1.01437
  -0.0514126   0.00877482     -1.02963
  -0.0235456    0.0157405     -1.04065
  0.00586608    0.0215053       -1.036
   0.0367323    0.0259603     -1.01005
   0.0679888    0.0300596    -0.971496
   0.0981892    0.0344695    -0.941201
    0.127955    0.0385806    -0.919749
    0.157642    0.0433213    -0.895768
    0.187487    0.0473789    -0.864167
    0.217286     0.051272    -0.832527
    0.246079    0.0561772     -0.81029
     0.27457     0.060904    -0.793583
    0.302713    0.0661614    -0.784008
    0.330572    0.0723531    -0.788348
    0.358305    0.0792845    -0.804844
    0.385479    0.0870179    -0.833188
    0.413232    0.0962465    -0.887758
    0.441204     0.107649    -0.946815
    0.469078     0.114116    -0.968212
    0.497572     0.120145    -0.972151
    0.526065     0.126375    -0.975375
    0.554419     0.132278    -0.978416
     0.58254     0.137789     -0.97611
    0.610949     0.143107    -0.970908
    0.639214     0.149114    -0.975801
     0.66754     0.155661    -0.992299
    0.697386     0.166623     -1.05096
    0.728091     0.178497     -1.10773
    0.754086     0.178333     -1.06199
    0.781668     0.181301     -1.03263
    0.809441     0.186955     -1.03036
     0.83738     0.192928     -1.03949
    0.867636     0.201609     -1.07715
    0.899262     0.212654      -1.1347
    0.928114     0.220092     -1.15569
    0.955465     0.224285     -1.14907
    0.982777     0.228807     -1.14111
     1.01058     0.234248     -1.13933
     1.03825     0.239384     -1.14106
      1.0663      0.24505     -1.14772
     1.09451     0.251068      -1.1595
     1.12377     0.257888     -1.17953
     1.15338     0.265532     -1.20779
     1.18448     0.274851      -1.2501
   -0.766562    -0.097051     -1.32964
   -0.731417   -0.0919031     -1.30135
    -0.69861   -0.0858269     -1.27362
   -0.664998   -0.0805101     -1.24579
   -0.631912   -0.0749405      -1.2196
   -0.599898   -0.0694617      -1.1974
   -0.568078   -0.0638335     -1.17812
    -0.53678      -0.0581     -1.16188
   -0.505514   -0.0521457     -1.14699
   -0.475042   -0.0462056     -1.13345
   -0.444117   -0.0406982     -1.11844
   -0.413331   -0.0348003     -1.10368
    -0.38234   -0.0291291     -1.08675
   -0.351746   -0.0234194     -1.07035
   -0.320989    -0.018028     -1.05435
   -0.290144   -0.0126257     -1.03749
   -0.259625  -0.00716911     -1.02086
   -0.229404  -0.00148919     -1.00641
   -0.199663   0.00430875    -0.997414
   -0.170581    0.0104688    -0.992549
   -0.141861    0.0167745    -0.991437
   -0.113804    0.0228896    -0.994007
  -0.0844832    0.0299716     -1.00289
  -0.0565075    0.0368869     -1.00997
  -0.0277793    0.0428215     -1.00886
   0.0023765    0.0476381    -0.992848
   0.0330727    0.0521496    -0.965916
   0.0634141    0.0566207    -0.937089
   0.0932809    0.0612113    -0.912663
    0.123265     0.065429     -0.88912
    0.152951    0.0695811      -0.8622
    0.182579    0.0738094    -0.832719
    0.212006    0.0781298    -0.806714
    0.240853     0.082675    -0.786511
    0.269252    0.0874071    -0.771658
    0.297117    0.0927529    -0.764233
    0.325201    0.0985964    -0.768118
      0.3527     0.105475    -0.781158
    0.380171     0.112629    -0.802822
    0.407569     0.120786    -0.841206
    0.435236     0.132404    -0.904202
    0.462931     0.142271    -0.954875
    0.491337     0.149186    -0.971177
    0.519894     0.155465    -0.978379
    0.548344     0.161336    -0.983026
    0.576598     0.166825    -0.980703
    0.604793       0.1716    -0.969559
    0.632961     0.177221    -0.969018
    0.661521     0.183994    -0.988419
    0.691801     0.194979     -1.04971
    0.721942     0.206806     -1.10471
     0.74801     0.206656     -1.06101
    0.775426     0.209727     -1.03023
    0.803203     0.215275     -1.02783
    0.831256     0.220804      -1.0366
    0.861429     0.229616     -1.07246
    0.892945      0.24117     -1.13046
    0.922008     0.248726     -1.15503
    0.949489     0.253263     -1.14995
    0.976648     0.257414     -1.14109
     1.00455     0.262335     -1.13856
     1.03223     0.267433     -1.13973
     1.06016     0.273542     -1.14628
     1.08842     0.279698     -1.15816
     1.11766     0.286323     -1.17829
      1.1475     0.294039     -1.20691
     1.17828     0.303407     -1.24901
   -0.772514   -0.0673645     -1.32584
   -0.736995   -0.0625323     -1.29402
   -0.704176   -0.0565161     -1.26621
   -0.670614   -0.0512104     -1.23841
   -0.637449   -0.0459489     -1.21223
   -0.605485   -0.0403519     -1.19064
   -0.573908   -0.0346467     -1.17241
   -0.542701   -0.0288543     -1.15654
   -0.511403   -0.0230226     -1.14162
   -0.481003    -0.017244     -1.12848
    -0.45012   -0.0116421     -1.11393
   -0.419485   -0.0058178     -1.09981
    -0.38845  -0.00021162     -1.08311
   -0.357891   0.00543539     -1.06762
    -0.32728    0.0108773     -1.05269
   -0.296513    0.0163429     -1.03628
   -0.265939    0.0217831     -1.01926
   -0.235609    0.0270347     -1.00439
   -0.205763    0.0329828    -0.994138
   -0.176582    0.0389579    -0.988356
    -0.14758    0.0449077    -0.985899
   -0.119558    0.0510767    -0.987041
  -0.0900989    0.0581857    -0.993939
  -0.0620417    0.0650356    -0.997996
  -0.0329608    0.0704556    -0.993009
 -0.00290907    0.0753684    -0.975522
   0.0276217     0.079925    -0.950733
    0.057833    0.0843514     -0.92512
   0.0875396    0.0889811     -0.90247
    0.117563    0.0934156    -0.877678
    0.147403    0.0970668    -0.848498
      0.1771     0.100987    -0.819438
    0.206386     0.105181    -0.795125
    0.235162     0.109802    -0.775791
     0.26355     0.114551    -0.761606
    0.291329     0.119953    -0.755536
    0.319337     0.125832    -0.759209
    0.346902     0.132504    -0.770311
    0.374325     0.139641    -0.790475
    0.401618     0.147731      -0.8255
    0.429304     0.158824    -0.886202
    0.456872     0.170054    -0.946244
    0.485283     0.177474    -0.967372
    0.513783     0.183586    -0.975124
    0.542135     0.189892    -0.979365
    0.570438     0.195287    -0.976576
    0.598641     0.199691     -0.96583
    0.626819     0.205224    -0.966058
    0.655267     0.212693    -0.986076
    0.685289     0.222066     -1.03975
    0.715105     0.234815     -1.09423
    0.742056     0.235223     -1.05843
    0.769304     0.238205     -1.02869
    0.797169     0.243504     -1.02539
    0.825022     0.249215     -1.03376
    0.855249     0.258022     -1.06941
    0.886601     0.269784     -1.12615
    0.915916     0.277361     -1.15437
    0.943736     0.282324     -1.15449
    0.970987      0.28682      -1.1468
    0.998801     0.291593     -1.14328
     1.02632      0.29649     -1.14271
     1.05423     0.302208     -1.14792
     1.08251     0.308443     -1.15961
      1.1117     0.315078     -1.17951
      1.1416     0.322712     -1.20841
     1.17254     0.332315     -1.25043
   -0.804064   -0.0449065     -1.29709
   -0.778853   -0.0375879     -1.31923
   -0.742892   -0.0328698     -1.28946
    -0.71029   -0.0272881     -1.26214
    -0.67671   -0.0221039     -1.23463
   -0.643551   -0.0165293     -1.20841
   -0.611689   -0.0108939     -1.18694
   -0.580089  -0.00545145     -1.16911
   -0.548871  0.000394222     -1.15307
   -0.517577    0.0062385     -1.13836
   -0.487374    0.0119964     -1.12601
   -0.456373     0.017592     -1.11131
   -0.425555    0.0231183     -1.09679
   -0.394737    0.0287413     -1.08094
   -0.364199    0.0342975     -1.06575
   -0.333459    0.0396266     -1.05038
    -0.30265    0.0451238     -1.03386
   -0.272146    0.0505798     -1.01741
   -0.242083    0.0560964     -1.00336
   -0.211881    0.0616096    -0.992144
   -0.182628    0.0674901     -0.98544
   -0.153715    0.0735518     -0.98344
    -0.12571    0.0797287    -0.985028
  -0.0962073    0.0867507    -0.991285
  -0.0680479    0.0931885    -0.995239
  -0.0390691     0.099008    -0.989994
 -0.00911726     0.103868    -0.973287
   0.0214942     0.108412    -0.948902
   0.0517155     0.112834    -0.923881
   0.0812549     0.117378    -0.902886
    0.111101     0.121845    -0.880162
    0.141225     0.125239    -0.851359
    0.171041     0.129019    -0.820953
    0.200346     0.132756    -0.794475
    0.229183     0.137328    -0.774911
    0.257475     0.142445     -0.76134
    0.285226     0.147576    -0.755653
    0.313265     0.153645    -0.759625
    0.340929     0.160114    -0.771008
    0.368319     0.167559    -0.791239
    0.395608     0.175523    -0.829989
    0.423253     0.187954    -0.894577
    0.450696     0.198065    -0.944011
    0.479214      0.20453    -0.958201
    0.507571     0.210943    -0.963768
    0.535944     0.217028    -0.967353
    0.564178     0.222338    -0.965247
    0.592427      0.22732    -0.960174
    0.620864     0.233705     -0.96573
    0.649251     0.240804    -0.983336
    0.678615     0.249902     -1.02703
    0.708923     0.264027     -1.09222
     0.73604     0.264038     -1.06213
    0.763217     0.266656     -1.02963
    0.791122     0.272032     -1.02474
     0.81888     0.277953      -1.0324
    0.848923     0.286116     -1.06489
    0.879878     0.297633     -1.11868
    0.909767     0.305986     -1.15266
    0.938156     0.311669     -1.16061
    0.965606     0.316418     -1.15615
    0.993356     0.321345     -1.15223
     1.02101     0.326045     -1.15097
     1.04884     0.331468     -1.15481
     1.07707     0.337391     -1.16517
      1.1061     0.344328     -1.18471
     1.13616     0.351935     -1.21364
     1.16695     0.361076     -1.25388
   -0.785022  -0.00760842     -1.31346
    -0.74934  -0.00334825     -1.28762
   -0.717094   0.00242795     -1.26145
   -0.683262   0.00771282     -1.23353
   -0.649981    0.0127526     -1.20682
   -0.618045    0.0183978     -1.18524
   -0.586397    0.0236436     -1.16727
   -0.555158    0.0292922     -1.15118
   -0.523957    0.0353351     -1.13652
   -0.493524    0.0409267     -1.12357
   -0.462603    0.0465504      -1.1087
   -0.431838    0.0522349     -1.09447
   -0.401015     0.057687     -1.07917
   -0.370553    0.0632846     -1.06427
   -0.339733    0.0686409     -1.04866
   -0.308929    0.0740832     -1.03217
   -0.278441    0.0792788     -1.01604
    -0.24842    0.0848801     -1.00295
   -0.218558    0.0905787    -0.993275
   -0.189212    0.0963262    -0.987526
   -0.160581     0.102631    -0.987291
   -0.132531     0.108894    -0.989966
   -0.103041     0.115825    -0.996832
  -0.0748423     0.122599     -1.00252
  -0.0461418     0.128539    -0.999767
  -0.0162699      0.13374     -0.98548
   0.0144131     0.137938    -0.962213
   0.0447645     0.142418    -0.936741
   0.0743408     0.146855    -0.916579
    0.103752     0.151747    -0.898082
    0.133818     0.155622    -0.873212
    0.163771     0.158698    -0.839992
     0.19373      0.16193     -0.80711
     0.22277      0.16636    -0.784911
    0.251133     0.170832    -0.770272
    0.279054     0.175922    -0.763634
    0.306982     0.181986    -0.767873
    0.334632     0.188955    -0.780615
    0.361793     0.195905    -0.805594
    0.389315     0.207669    -0.866088
    0.416442     0.219706    -0.928406
    0.444453     0.226912    -0.952392
    0.473056     0.232952    -0.957703
    0.501491     0.238565    -0.959245
    0.529928     0.244534     -0.96037
    0.558055     0.250132    -0.959173
    0.586411     0.255912    -0.960295
    0.614686     0.262809    -0.969668
    0.643155     0.269324    -0.982596
    0.671913     0.275341     -1.00665
    0.703329     0.293897     -1.09643
    0.730247     0.293907     -1.07338
    0.757208      0.29551     -1.03435
    0.785339      0.30029     -1.02775
     0.81316     0.306166     -1.03483
    0.842851     0.314417     -1.06471
    0.873487     0.325878     -1.11436
    0.903626     0.334636      -1.1518
    0.932443     0.341414     -1.16678
    0.960277     0.346755     -1.16712
    0.988067     0.351221     -1.16388
     1.01584     0.355715     -1.16224
     1.04359      0.36107     -1.16482
     1.07179     0.367172     -1.17428
     1.10084     0.374015     -1.19332
     1.13085     0.381684      -1.2219
     1.16166     0.390939     -1.26019
   -0.791052    0.0215662     -1.31358
   -0.756153    0.0265949     -1.28812
   -0.723764    0.0323956     -1.26174
   -0.689974    0.0373498     -1.23389
   -0.656704    0.0423527     -1.20706
   -0.624546    0.0476955     -1.18474
   -0.593101    0.0532459     -1.16672
   -0.561775    0.0589268     -1.15051
   -0.530407    0.0645202     -1.13528
   -0.499745    0.0700722     -1.12138
   -0.468837    0.0756504     -1.10663
   -0.438204    0.0813704     -1.09324
   -0.407455    0.0867782     -1.07831
   -0.376867    0.0921928     -1.06274
   -0.345978     0.097465     -1.04641
   -0.315061     0.102646     -1.02974
   -0.284693     0.107999     -1.01377
   -0.254656     0.113605     -1.00108
   -0.224977       0.1194    -0.993741
   -0.196037     0.125519     -0.99066
   -0.167422      0.13203    -0.991802
   -0.139418     0.138441    -0.996273
     -0.1105     0.145569     -1.00598
  -0.0823543     0.152703     -1.01682
  -0.0543048     0.159626     -1.02379
  -0.0250234     0.165209     -1.02214
  0.00510799     0.170189     -1.00702
   0.0360125      0.17422    -0.979316
   0.0663451     0.177926    -0.952281
   0.0956968     0.182972      -0.9333
    0.125421     0.187513    -0.914365
    0.155245     0.191136    -0.884624
     0.18593     0.193234    -0.845448
    0.215476     0.196423    -0.814882
    0.244208     0.200442    -0.794364
    0.272572     0.205222    -0.783017
    0.300226     0.211637    -0.786245
    0.328126     0.218467    -0.802631
    0.355236     0.227076    -0.843274
    0.382372     0.241689    -0.918495
    0.409726     0.250061    -0.958116
    0.438337     0.257034    -0.969271
    0.466751     0.263081    -0.970904
    0.495368     0.268316    -0.968902
    0.523748     0.273859    -0.966869
    0.551943     0.279073    -0.965242
    0.580463     0.285023    -0.967395
    0.608868     0.291606    -0.977532
    0.636981     0.299002    -0.989213
    0.665545      0.30386     -1.00461
    0.697453     0.323312     -1.10023
    0.724377     0.324255     -1.08417
    0.751484     0.325524     -1.04372
    0.779379     0.330115     -1.03655
    0.807484     0.335561     -1.04363
    0.837133     0.343707     -1.07227
    0.867666     0.354521     -1.11712
    0.897505     0.363757     -1.15384
     0.92666     0.370779     -1.17304
    0.954897     0.376546     -1.17796
    0.982818     0.381389     -1.17668
     1.01069     0.385966     -1.17522
     1.03854     0.391023     -1.17699
     1.06674     0.396886     -1.18628
     1.09574     0.403841     -1.20508
     1.12581     0.411878     -1.23345
     1.15651     0.421433     -1.27046
   -0.798391    0.0523325     -1.31817
   -0.763967      0.05709     -1.29173
   -0.730941    0.0623381     -1.26443
   -0.697108    0.0670738     -1.23639
   -0.663861    0.0722899     -1.20921
   -0.631391    0.0773199       -1.186
   -0.599597    0.0824996     -1.16701
   -0.568428    0.0880495     -1.15063
   -0.536873    0.0937306     -1.13525
   -0.506494    0.0995384     -1.12195
   -0.475425     0.104938     -1.10698
   -0.444859     0.110463     -1.09387
   -0.414118     0.115968     -1.07897
   -0.383173     0.121271     -1.06182
   -0.352191     0.126502     -1.04406
   -0.321164     0.131472     -1.02634
   -0.290559     0.136571     -1.00977
   -0.260601     0.142083    -0.997518
   -0.231224     0.148108    -0.991677
   -0.202232     0.154243    -0.989155
   -0.173601      0.16082    -0.990556
   -0.145897     0.167601    -0.997389
   -0.117656     0.174937     -1.01207
  -0.0900243     0.182827      -1.0337
  -0.0633603     0.191534     -1.06071
  -0.0361654     0.200063     -1.08232
  -0.0073299     0.206747     -1.08549
   0.0231284     0.211611      -1.0651
   0.0552632     0.213482      -1.0268
   0.0863433     0.216326    -0.992067
    0.116305     0.220832    -0.970014
    0.145774     0.225337    -0.949702
     0.17578     0.228624     -0.92069
    0.206136     0.231127    -0.888875
     0.23599     0.233733    -0.856307
    0.265451     0.236433    -0.823927
    0.293358     0.241854     -0.81605
    0.321157      0.24914    -0.833932
    0.348466     0.259812    -0.881237
    0.375139      0.27292    -0.945577
    0.403352     0.280954    -0.980089
    0.431857     0.289265    -0.997585
    0.460256     0.294367    -0.995222
    0.489103     0.298751    -0.989125
    0.517591     0.304007    -0.984185
    0.545963     0.309451    -0.980843
    0.574474     0.314801    -0.980257
    0.602876     0.321237     -0.98837
    0.631243     0.328557     -1.00525
    0.660318      0.33658     -1.03377
    0.690752     0.350039      -1.0943
    0.718643     0.352991     -1.08624
    0.745974     0.355239     -1.05788
    0.774084     0.359416     -1.05211
    0.802267     0.365603     -1.06041
    0.831594     0.374287     -1.08765
    0.862332     0.383961     -1.12814
    0.891891     0.393192     -1.16231
    0.921051     0.400822     -1.18244
    0.949773     0.406488     -1.19027
    0.977734     0.411618     -1.19047
     1.00561     0.416485     -1.18978
     1.03361     0.421697     -1.19262
     1.06199      0.42782     -1.20263
     1.09104     0.434041     -1.22118
     1.12111     0.442519      -1.2498
     1.15208     0.451947      -1.2876
   -0.805519    0.0821219     -1.32326
   -0.771477    0.0872415     -1.29655
   -0.738065    0.0921721     -1.26833
   -0.704379    0.0968434     -1.24041
   -0.670942     0.101869     -1.21246
   -0.638387     0.106927     -1.18856
   -0.606555     0.112287     -1.16892
   -0.575397     0.117747     -1.15256
    -0.54378     0.123289     -1.13742
   -0.513456     0.129151     -1.12477
   -0.482418     0.134383     -1.11007
   -0.451788     0.139946     -1.09664
   -0.420878     0.145421     -1.08076
   -0.389863     0.150432     -1.06276
   -0.358662     0.155659     -1.04412
   -0.327515     0.160524     -1.02529
   -0.296878     0.165335     -1.00836
   -0.266763     0.170794    -0.995639
   -0.237431     0.176812    -0.989877
   -0.208409     0.182844    -0.987316
   -0.179826     0.189346    -0.988614
   -0.151964     0.195966    -0.996402
   -0.124319     0.203768     -1.01548
  -0.0974866     0.212683     -1.05108
  -0.0726271     0.223909     -1.09435
  -0.0457705     0.233342     -1.12452
  -0.0169789     0.240021     -1.13329
    0.013197     0.245445      -1.1228
   0.0442246     0.249161     -1.09695
   0.0756974     0.251986     -1.06106
    0.106609     0.255186     -1.03048
    0.136996     0.259134     -1.00928
    0.166552      0.26357    -0.992978
    0.195758     0.268892     -0.97932
    0.224875       0.2742     -0.96192
    0.255694     0.274273    -0.917276
    0.285994     0.274644     -0.87212
    0.314352     0.280603     -0.86877
    0.342101     0.289974    -0.900661
    0.369049      0.29985    -0.949113
    0.397136     0.311168      -1.0005
    0.425196     0.320673      -1.0276
    0.454003     0.325316     -1.02209
    0.482979     0.329869      -1.0126
      0.5116     0.334531     -1.00503
    0.539939     0.339869    -0.999422
    0.568296     0.345519     -0.99644
    0.596949     0.351292      -1.0023
    0.625528     0.358114     -1.01976
    0.653967     0.367363     -1.05053
    0.683852     0.377957      -1.0903
    0.713099     0.383919     -1.09771
    0.740639     0.386776     -1.08196
    0.768683     0.391241     -1.07646
    0.797137      0.39776     -1.08723
    0.826522     0.405548     -1.11325
    0.857249     0.415271     -1.14814
    0.886493     0.424256     -1.17781
    0.915769      0.43127      -1.1958
    0.944419     0.437394     -1.20424
    0.972731     0.441948     -1.20648
     1.00095     0.447426     -1.20854
       1.029     0.452884     -1.21295
     1.05754     0.458859     -1.22332
     1.08667     0.465637     -1.24216
     1.11703     0.473956     -1.27231
   -0.813496     0.112456      -1.3308
   -0.779971     0.117596     -1.30533
   -0.745648     0.122326     -1.27441
   -0.711872     0.126879     -1.24593
   -0.678508     0.131783     -1.21784
    -0.64563     0.136651     -1.19287
   -0.613608     0.141894     -1.17259
   -0.582488     0.147574     -1.15632
   -0.550989     0.153007     -1.14164
   -0.520515     0.158674     -1.12914
   -0.489639      0.16414     -1.11469
   -0.458862     0.169641     -1.10042
   -0.427705     0.174697     -1.08344
   -0.396517     0.179619     -1.06494
   -0.365366     0.184462     -1.04666
   -0.334208     0.189501     -1.02795
    -0.30358     0.194583     -1.01083
   -0.273502     0.200023    -0.997623
   -0.243822     0.205724    -0.990037
   -0.214863     0.211737    -0.986793
   -0.186123      0.21806    -0.987905
   -0.158542     0.224985    -0.997311
   -0.131118     0.233153     -1.02087
   -0.105018     0.243643     -1.06539
  -0.0801683     0.253909     -1.10976
   -0.052755     0.263156     -1.13667
  -0.0239898     0.270167     -1.14775
     0.00581     0.275997       -1.142
   0.0363648     0.280518     -1.12483
    0.067141     0.284667     -1.10173
   0.0978436     0.288213     -1.07549
     0.12816       0.2927     -1.05566
    0.158024     0.297356     -1.04073
    0.187519     0.302319     -1.03043
     0.21679     0.307816      -1.0251
    0.245708     0.313955     -1.01682
    0.275566     0.316344     -0.98534
    0.305394     0.318688    -0.961849
    0.334189     0.324671    -0.967599
    0.362497     0.333059    -0.997038
    0.389957     0.345722     -1.04287
    0.418631     0.351951     -1.05385
    0.447756     0.356347     -1.04545
    0.476653     0.361004     -1.03604
    0.505402     0.366349     -1.02763
    0.533891     0.371207     -1.02055
    0.562414     0.375636     -1.01687
     0.59118     0.381817     -1.02122
    0.619611     0.388983     -1.03577
    0.648621     0.398288     -1.06653
    0.678521     0.409162     -1.10893
    0.707529     0.416004     -1.12735
    0.735503     0.419648     -1.11566
    0.763758     0.423597     -1.11053
    0.792875     0.431203     -1.12412
    0.821793     0.439402     -1.14724
    0.852091     0.447485     -1.17378
    0.881624     0.455151     -1.19727
    0.910551     0.462213     -1.21273
    0.939314     0.468283     -1.22163
    0.967755     0.473399     -1.22632
     0.99634      0.47919     -1.23138
     1.02477       0.4848      -1.2374
      1.0534     0.490904     -1.24811
     1.08256     0.497791     -1.26789
     1.11312     0.506836     -1.30502
   -0.788701     0.148221     -1.31663
   -0.753641     0.152742     -1.28321
    -0.71982     0.157255     -1.25385
   -0.686294     0.162089     -1.22516
   -0.653279     0.166735     -1.19959
     -0.6212     0.171817     -1.17864
    -0.58994     0.177302     -1.16187
   -0.558177     0.182672     -1.14655
   -0.527872     0.188385      -1.1341
    -0.49674     0.193603     -1.11924
   -0.465857     0.199064     -1.10458
   -0.434711     0.204217     -1.08792
   -0.403728     0.209415     -1.07016
   -0.372563     0.214097     -1.05222
   -0.341283     0.219127     -1.03308
   -0.310573     0.223935     -1.01556
    -0.28027      0.22893     -1.00152
   -0.250499     0.234686     -0.99252
   -0.221243      0.24052    -0.987466
   -0.192325     0.246577    -0.987217
   -0.164936     0.253928    -0.997824
   -0.138048     0.262594     -1.02586
   -0.112117     0.273906     -1.07281
  -0.0869342     0.283942     -1.11215
  -0.0591928     0.292478     -1.13777
  -0.0316324     0.301426     -1.15785
 -0.00162345     0.306654     -1.15289
   0.0296578      0.31039     -1.13286
   0.0595484     0.315793     -1.11967
   0.0900601      0.32016     -1.10114
    0.120363     0.324576     -1.08436
    0.150241     0.329428     -1.07139
    0.179904     0.334372     -1.06081
     0.20936     0.339396     -1.05236
    0.238737     0.345062     -1.04899
    0.267659     0.351356     -1.04901
    0.296287     0.358392     -1.05394
    0.325105     0.364757     -1.05782
    0.354454     0.370752     -1.06521
    0.383331     0.377455     -1.07471
    0.412234     0.382959     -1.07255
    0.441292     0.387586     -1.06526
    0.470222     0.392764     -1.05793
    0.499131     0.397673     -1.05014
    0.527844     0.402217     -1.04302
    0.556386     0.407174     -1.04003
     0.58526     0.412808     -1.04479
     0.61393     0.420169     -1.05809
     0.64269     0.428806     -1.08403
    0.672717     0.439192     -1.12568
    0.702223     0.448403      -1.1536
    0.730559     0.452498     -1.15019
    0.759147     0.457871     -1.14962
    0.788187     0.464901     -1.16103
     0.81716     0.472077     -1.17727
    0.846649     0.479244     -1.19633
    0.876532     0.486527     -1.21569
    0.905426     0.493559     -1.23031
    0.934417     0.499549     -1.24089
    0.963037       0.5054     -1.24869
    0.991983     0.511461     -1.25718
     1.02067     0.516761     -1.26557
     1.04967     0.523341     -1.27983
     1.07937     0.531238     -1.30675
   -0.797892      0.17942     -1.32973
   -0.762263     0.183679     -1.29496
   -0.728459     0.188103     -1.26516
   -0.694604     0.192451     -1.23489
   -0.661233     0.197253     -1.20754
   -0.628729     0.201962     -1.18533
   -0.597448      0.20712     -1.16786
   -0.565471     0.212456     -1.15146
   -0.534929      0.21798     -1.13832
   -0.503824     0.223252     -1.12376
   -0.473185     0.229115     -1.11001
   -0.442158     0.234258     -1.09463
   -0.411111     0.239251     -1.07789
   -0.380315     0.244259     -1.06081
   -0.348592     0.248733     -1.04092
   -0.317794     0.253514     -1.02297
   -0.287344     0.258515     -1.00793
   -0.257457     0.264086    -0.998098
    -0.22815     0.269966    -0.992418
   -0.199123     0.276024    -0.990263
   -0.171631     0.283367    -0.999928
   -0.145082      0.29214     -1.02946
   -0.118626     0.302987     -1.07316
  -0.0928277     0.312506      -1.1074
  -0.0650933     0.321136     -1.13223
   -0.037519     0.330181     -1.15225
  -0.0077472     0.335714      -1.1486
   0.0235012     0.339567      -1.1307
   0.0529091     0.345772     -1.12459
    0.082597     0.351446     -1.11677
    0.112949     0.355767     -1.10278
    0.143235     0.360052     -1.08896
    0.172723     0.365407     -1.07801
    0.202345     0.370302     -1.06834
    0.231993      0.37534     -1.06114
    0.261078     0.381227     -1.05832
    0.290028     0.387454     -1.06145
    0.318809     0.393917      -1.0683
    0.347837     0.401266     -1.07763
    0.376904     0.407732     -1.08487
    0.405831      0.41361     -1.08681
     0.43487     0.418636     -1.08324
    0.463855        0.424     -1.07835
      0.4929     0.428937     -1.07247
    0.521702     0.433956     -1.06656
    0.550417     0.438971      -1.0641
    0.579321     0.444881     -1.06939
    0.608006     0.452443     -1.08375
    0.637203     0.460583     -1.10717
    0.666789     0.470459     -1.14148
    0.696091     0.478943     -1.16647
    0.725255     0.484447     -1.17317
    0.753956     0.490465     -1.17831
    0.782943     0.496842     -1.18693
    0.812026      0.50367     -1.19934
    0.841064     0.510239     -1.21407
    0.871194      0.51777     -1.23164
    0.900133     0.524838     -1.24667
    0.929364     0.531291        -1.26
    0.958389     0.537597     -1.27182
    0.987626     0.544576     -1.28563
     1.01676     0.551114     -1.30042
      1.0466     0.558176     -1.32362
     1.07786      0.56799      -1.3678
   -0.770818       0.2141     -1.30811
   -0.737226     0.219079      -1.2776
   -0.702945     0.223092     -1.24497
   -0.668865     0.227222     -1.21516
   -0.636365     0.232048     -1.19208
   -0.605155     0.237489      -1.1747
   -0.573037     0.242639     -1.15786
   -0.542285     0.248029     -1.14439
   -0.511373     0.253388     -1.13056
   -0.480689     0.259067     -1.11709
   -0.449632     0.264121     -1.10241
   -0.418604     0.269089     -1.08622
   -0.387731     0.274077     -1.06981
   -0.356335     0.278953     -1.05125
   -0.325464     0.283705     -1.03361
   -0.294988      0.28872     -1.01812
   -0.264849     0.293967      -1.0072
   -0.235451     0.299873     -1.00075
   -0.206129     0.305446    -0.995602
   -0.177978     0.312106     -1.00301
   -0.151937     0.321561     -1.03154
   -0.124597     0.331677     -1.06844
  -0.0986924     0.340914     -1.09837
  -0.0711439     0.349959     -1.12243
   -0.042565     0.357332     -1.13684
  -0.0133011     0.363791     -1.13684
   0.0172294     0.368501     -1.12552
   0.0468126     0.374433     -1.12211
   0.0759131     0.381394     -1.12303
    0.105638       0.3866     -1.11716
    0.136053     0.390715     -1.10476
    0.165977      0.39537     -1.09113
    0.195495     0.400755     -1.07971
    0.225237     0.405417      -1.0704
    0.254525     0.411186     -1.06459
     0.28373     0.416505     -1.06357
    0.312622     0.422878     -1.06753
    0.341695     0.429628     -1.07563
    0.370647     0.436744     -1.08578
    0.399524     0.443457     -1.09473
    0.428523     0.449605     -1.09881
    0.457509     0.455258     -1.09845
    0.486734     0.460189     -1.09525
     0.51551     0.465858     -1.09147
    0.544371     0.471174     -1.08939
    0.573288     0.476523     -1.09252
    0.602164     0.484618     -1.10517
    0.631259     0.491665     -1.12472
    0.660841      0.49985     -1.14997
    0.689877      0.50829     -1.17036
    0.719185     0.514799     -1.18328
    0.748352     0.521906     -1.19458
    0.777486     0.528018     -1.20489
    0.806582     0.535015     -1.21695
    0.835586     0.541166     -1.23029
    0.865891     0.548802     -1.24755
    0.894793     0.556325     -1.26417
    0.924276     0.563541       -1.281
    0.953708     0.570356     -1.29741
    0.983335     0.578111     -1.31769
     1.01352     0.586225     -1.34431
      1.0448     0.595743     -1.38444
   -0.779802     0.245364     -1.32243
   -0.745848     0.249943     -1.28905
   -0.711003     0.253466     -1.25494
   -0.676944     0.257566     -1.22434
   -0.644068     0.262085     -1.20027
   -0.612874     0.267641     -1.18301
   -0.580832     0.272821     -1.16658
   -0.550069     0.278286     -1.15332
   -0.519172       0.2835     -1.13987
   -0.488292     0.288945     -1.12597
   -0.457304     0.294252     -1.11175
   -0.426444     0.299431     -1.09632
   -0.395567     0.304393      -1.0803
   -0.364092     0.309136     -1.06264
   -0.333351     0.313938     -1.04605
   -0.302803     0.319048      -1.0308
   -0.272562      0.32412     -1.01881
   -0.242773     0.329698     -1.01067
    -0.21317     0.335188     -1.00308
    -0.18461     0.341498     -1.00714
   -0.158324     0.350298     -1.03093
   -0.130371     0.360189     -1.06168
   -0.104193     0.369096     -1.08754
  -0.0770036     0.378937     -1.11301
  -0.0484425     0.385957     -1.12736
  -0.0191019     0.392529     -1.12875
   0.0110007     0.397908     -1.12093
   0.0404982     0.403732     -1.11855
   0.0695077     0.410426     -1.12427
   0.0988141     0.416637     -1.12613
    0.128634     0.422688     -1.12092
    0.158779     0.426586     -1.10726
     0.18871     0.431101      -1.0918
    0.218566     0.435534     -1.07963
    0.248074     0.440819     -1.07181
    0.277362     0.445876     -1.06751
    0.306327     0.451914     -1.06862
    0.335398       0.4587     -1.07443
    0.364429     0.465384     -1.08361
    0.393189     0.472633     -1.09493
    0.422083     0.480168     -1.10632
     0.45098     0.486811     -1.11444
    0.480322     0.492391     -1.11716
    0.509267     0.497919     -1.11585
    0.538485      0.50262     -1.11427
    0.567167      0.50834     -1.11575
    0.596358     0.515088     -1.12476
    0.625358     0.522598     -1.14017
    0.654685     0.530466     -1.16034
    0.684061     0.538063     -1.17844
    0.713283     0.545197     -1.19273
    0.742659     0.552779      -1.2071
    0.771857     0.559448     -1.21991
     0.80103     0.566484     -1.23303
    0.830006     0.572887     -1.24692
    0.860538     0.580504      -1.2655
    0.889731     0.588503     -1.28573
    0.919451      0.59638     -1.30674
    0.949384     0.604246     -1.33016
    0.979809     0.613483     -1.36029
     1.01138     0.623981     -1.40116
   -0.754767     0.280901     -1.30331
   -0.719812     0.284549     -1.26849
   -0.685333     0.288541      -1.2366
   -0.652657     0.293244     -1.21192
   -0.621097     0.298261     -1.19409
   -0.589235     0.303382     -1.17814
   -0.558196     0.308664     -1.16459
    -0.52732     0.314173     -1.15117
   -0.496325     0.319467     -1.13683
   -0.465371     0.324921     -1.12262
   -0.434349     0.329792     -1.10761
   -0.403534     0.334955     -1.09242
   -0.372076     0.339521      -1.0755
   -0.341262     0.344356     -1.05965
   -0.310823     0.349584     -1.04536
   -0.280446     0.354606     -1.03241
   -0.250299     0.359816     -1.02263
   -0.220931     0.365681     -1.01545
   -0.191833     0.371442     -1.01441
   -0.164599     0.379209     -1.03022
   -0.136598     0.389102     -1.05746
   -0.109984     0.397538     -1.07919
  -0.0828612     0.407254     -1.10439
  -0.0547469     0.415271     -1.12382
  -0.0253398     0.421826     -1.12682
  0.00455502     0.427005     -1.12002
   0.0342549     0.432769     -1.11776
   0.0630658     0.440053     -1.12608
    0.091985     0.447462     -1.13243
    0.121696     0.453336     -1.13263
    0.151392     0.458334     -1.12431
    0.181518     0.462555     -1.10747
    0.211758      0.46614     -1.09081
     0.24146     0.470719     -1.08015
    0.270808     0.476165     -1.07345
    0.299843     0.481772     -1.07203
    0.328943     0.488098     -1.07633
    0.358101     0.494648     -1.08442
    0.386865     0.501856     -1.09455
    0.415679     0.509326     -1.10719
    0.444702     0.516639     -1.12163
    0.473875     0.524134     -1.13388
    0.503034     0.530115     -1.13927
    0.532136     0.535699     -1.14103
    0.561119     0.541632      -1.1437
    0.590472     0.547586      -1.1504
      0.6195     0.554546      -1.1615
    0.648797     0.561827      -1.1759
    0.678083     0.569435     -1.19087
    0.707247     0.576295     -1.20428
     0.73679     0.583262     -1.21877
    0.766014     0.590735     -1.23385
    0.795496     0.597945     -1.25002
    0.824681     0.605587     -1.26742
    0.855109     0.613169     -1.28916
     0.88509     0.621592     -1.31487
    0.915148     0.630411     -1.34202
     0.94605     0.639624     -1.37465
    0.977287     0.650759     -1.41381
   -0.764722     0.312875      -1.3232
   -0.729552     0.316365     -1.28744
   -0.694571     0.319763     -1.25338
   -0.661599     0.324299     -1.22701
   -0.629618     0.329147     -1.20792
   -0.597936     0.334356     -1.19199
   -0.566626     0.339672     -1.17762
   -0.535676     0.344903     -1.16411
   -0.504397     0.350074     -1.14843
    -0.47312     0.355238     -1.13313
   -0.442297      0.36037     -1.11882
    -0.41161     0.365459     -1.10555
   -0.380457     0.370492     -1.09053
   -0.349566     0.375421     -1.07553
   -0.319065     0.380405     -1.06153
   -0.288557     0.385325     -1.04765
   -0.258105     0.390476     -1.03586
   -0.228589     0.396074     -1.02808
   -0.199297      0.40173     -1.02384
   -0.171269     0.408561      -1.0329
   -0.143253     0.418547     -1.05691
   -0.115822     0.426107     -1.07561
  -0.0888124     0.435187     -1.10087
  -0.0612161     0.444984      -1.1235
  -0.0318633     0.451097     -1.12748
 -0.00215514     0.457014     -1.12339
   0.0276142     0.462463     -1.12099
   0.0563742     0.470217     -1.13057
   0.0851743     0.477296     -1.13959
    0.114982     0.483661     -1.14137
    0.144333     0.489466     -1.13745
    0.174394     0.493841     -1.12329
    0.204857      0.49708     -1.10363
    0.234745      0.50133     -1.09043
    0.264194     0.506258     -1.08204
    0.293362     0.511986     -1.07934
    0.322457     0.517736     -1.08224
    0.351711     0.524437     -1.08951
    0.380524     0.531531      -1.0989
    0.409457     0.538753     -1.11073
    0.438437     0.546166     -1.12594
    0.467678     0.554569     -1.14388
    0.496731     0.561966      -1.1573
     0.52593     0.568616     -1.16564
    0.555168     0.574493      -1.1714
    0.584425     0.580382     -1.17756
    0.613695     0.587053     -1.18641
    0.642902     0.593452     -1.19586
    0.672165     0.600769     -1.20706
    0.701266     0.607632     -1.21869
    0.730927     0.614808     -1.23447
    0.760435     0.622784     -1.25305
    0.790071     0.630947     -1.27333
    0.819874     0.639227     -1.29643
    0.850022     0.647504     -1.32304
    0.881174     0.657479     -1.35553
    0.911689     0.666962     -1.38936
    0.942923     0.677539     -1.42755
   -0.740206     0.348869     -1.31196
   -0.704418     0.351428     -1.27494
   -0.671225     0.356004     -1.24681
   -0.638959     0.360878     -1.22631
   -0.607182     0.365793     -1.20905
   -0.575189     0.370596     -1.19274
   -0.544388     0.376041     -1.17928
   -0.512859      0.38115     -1.16241
   -0.481239     0.385926      -1.1459
   -0.450271     0.391017     -1.13159
   -0.419937     0.396505     -1.12043
   -0.389129     0.401763     -1.10805
   -0.358259     0.406849     -1.09442
     -0.3276     0.411695     -1.07993
   -0.296742     0.416229      -1.0639
   -0.266002     0.421194      -1.0495
   -0.235989     0.426231     -1.03867
   -0.206227      0.43156     -1.03166
   -0.178228     0.438497     -1.03789
   -0.149901     0.447865     -1.05892
   -0.122352     0.455435     -1.07673
  -0.0953221     0.464736     -1.10011
  -0.0675096     0.474362      -1.1234
  -0.0387225     0.481434     -1.13206
 -0.00915753      0.48719     -1.13119
   0.0206366     0.492659     -1.12876
   0.0493955     0.500632     -1.13876
   0.0782637     0.507927     -1.14857
     0.10805     0.513944     -1.15034
    0.137659       0.5198     -1.14704
    0.167458     0.524739     -1.13543
    0.197842     0.528542     -1.11649
    0.227865     0.532491     -1.10253
     0.25745     0.537043     -1.09329
    0.286767     0.542393     -1.08946
    0.315827     0.548147     -1.09149
    0.345279     0.554679     -1.09827
    0.374009     0.561809     -1.10742
    0.402942     0.569323     -1.11947
    0.431966     0.576698     -1.13405
    0.461285     0.584766     -1.15274
    0.490565     0.592445     -1.17022
    0.519786     0.599945     -1.18435
    0.549019     0.607121     -1.19504
    0.578319     0.613347     -1.20354
    0.607846     0.620219     -1.21348
    0.636996     0.627026       -1.222
    0.666368     0.633164     -1.23132
     0.69573     0.639714     -1.24276
    0.725426     0.647819     -1.26077
    0.755274     0.656131     -1.28336
    0.785227     0.664957     -1.30801
     0.81537     0.674275     -1.33676
    0.845666     0.683889     -1.36791
     0.87729     0.694516     -1.40387
    0.908104     0.704934     -1.44225
   -0.715964      0.38475     -1.30401
    -0.68174     0.388394     -1.27219
   -0.649015     0.393079     -1.24928
   -0.617076     0.397687     -1.23069
   -0.584446     0.402391     -1.21198
   -0.553487     0.407861     -1.19797
   -0.521981     0.412753     -1.18163
   -0.490427      0.41768     -1.16507
   -0.459222     0.422657     -1.15029
    -0.42875     0.428094     -1.13934
   -0.398156     0.433483     -1.12803
   -0.367129     0.438612     -1.11496
   -0.336471     0.443459     -1.10111
   -0.305374     0.447789     -1.08377
    -0.27406     0.452132     -1.06573
    -0.24346      0.45667     -1.05099
   -0.213734     0.461852     -1.04285
   -0.185371     0.468654     -1.04776
   -0.157212     0.477738     -1.06647
   -0.129262     0.485804      -1.0843
   -0.102172     0.494725     -1.10601
  -0.0747842     0.504774     -1.13078
  -0.0462573     0.512664     -1.14631
  -0.0165432     0.518438      -1.1448
   0.0134044     0.523597     -1.14222
   0.0422318     0.531608     -1.15154
   0.0711394     0.539107     -1.16035
    0.100923     0.544836     -1.16128
    0.130681     0.550683     -1.15542
    0.160677     0.555176      -1.1431
    0.190975     0.558824     -1.12686
    0.221194     0.563054      -1.1144
    0.250807     0.567588     -1.10581
    0.280075     0.573258     -1.10199
    0.309111     0.579101     -1.10409
    0.338671     0.586036     -1.11132
    0.367491      0.59276     -1.12033
      0.3965     0.600236     -1.13268
    0.425579     0.607789     -1.14731
    0.454777     0.616204     -1.16566
    0.484097     0.624166     -1.18433
    0.513543     0.631875     -1.20162
    0.542812     0.639859     -1.21672
    0.572125     0.646894     -1.22921
    0.601822     0.654356     -1.24231
    0.631195     0.661407     -1.25386
     0.66075     0.667688     -1.26609
     0.69042     0.674746     -1.28158
    0.720244      0.68349     -1.30324
    0.750525     0.692497     -1.33027
    0.780783     0.702563     -1.35917
    0.811339     0.712849     -1.39058
    0.842022     0.722075     -1.42311
    0.872945     0.732383     -1.45896
    -0.69296     0.421684      -1.3032
   -0.659669     0.425947     -1.27654
   -0.627889      0.43082     -1.25735
   -0.594688     0.435002     -1.23709
   -0.563537     0.440483     -1.22162
   -0.531858     0.445297     -1.20562
   -0.500367     0.450273     -1.18906
   -0.468837     0.454889     -1.17373
    -0.43804     0.460252     -1.16138
   -0.407358     0.465527     -1.14989
   -0.376204     0.470505     -1.13728
   -0.345648     0.475578      -1.1251
    -0.31461     0.480249     -1.10861
   -0.282914     0.484012     -1.08756
   -0.251603     0.487936     -1.06805
   -0.221595     0.492975     -1.05899
   -0.193317     0.500222     -1.06419
    -0.16524     0.508786      -1.0799
   -0.136753     0.517142     -1.09752
   -0.109568     0.525923     -1.11834
  -0.0821243     0.535735     -1.14417
  -0.0543336     0.545143     -1.16647
  -0.0242887     0.550146     -1.16721
  0.00532543     0.556919     -1.16624
   0.0345027     0.563871     -1.17102
   0.0637225      0.57099     -1.17534
   0.0937023     0.576222     -1.17282
    0.123893     0.581122     -1.16282
    0.154198     0.585033      -1.1493
    0.184031     0.589755     -1.13664
    0.214224     0.594382     -1.12695
    0.243976     0.598699     -1.11997
    0.273218     0.604571     -1.11749
    0.302229     0.610831     -1.12023
    0.331913     0.617762     -1.12854
    0.360837     0.625017     -1.13888
    0.389874     0.632104     -1.15145
    0.419141     0.639914     -1.16669
    0.448318     0.648278     -1.18565
    0.477745     0.656569     -1.20567
    0.507021     0.665034     -1.22475
    0.536451      0.67274     -1.24248
    0.565908     0.680603     -1.25947
    0.595817     0.688953     -1.27797
    0.625592     0.697117     -1.29691
    0.655495     0.705662     -1.31686
    0.685531     0.714167     -1.33939
    0.715633     0.723439     -1.36406
     0.74608     0.732901     -1.39202
    0.776592     0.742377     -1.42252
    0.807531     0.751981     -1.45488
   -0.705607     0.456112     -1.34202
   -0.671357     0.459643     -1.30974
   -0.638676     0.463838     -1.28732
   -0.605629     0.468188     -1.26575
   -0.573596     0.473141     -1.24726
   -0.541795     0.477841     -1.23037
   -0.510158     0.482676      -1.2131
   -0.478486     0.487395     -1.19745
   -0.447342     0.492411     -1.18395
   -0.416706     0.497919     -1.17271
   -0.385571     0.502924      -1.1613
   -0.355041     0.508322     -1.15083
   -0.324365     0.513395      -1.1374
   -0.292647     0.517178     -1.11604
   -0.260252     0.519891     -1.09173
   -0.230001     0.524609     -1.07932
   -0.201396     0.532204     -1.08299
   -0.173689     0.540151     -1.09724
   -0.144733     0.548922     -1.11633
   -0.117747     0.558105     -1.13907
   -0.090702     0.568749      -1.1691
  -0.0630526     0.578715      -1.1951
  -0.0340103      0.58621     -1.20416
 -0.00366843     0.591285     -1.20117
   0.0264518     0.596821     -1.19672
   0.0563785     0.602594     -1.19321
   0.0865023     0.607735       -1.185
    0.117099     0.612016       -1.171
    0.147347     0.615936     -1.15774
    0.177187     0.620687     -1.14812
    0.207206     0.625776     -1.14163
    0.236903      0.63061     -1.13674
    0.266408     0.636228     -1.13577
    0.295401     0.643021     -1.13986
    0.324894      0.65016     -1.14942
    0.354168     0.657214     -1.16228
    0.383271     0.665141     -1.17764
    0.412469      0.67334     -1.19559
    0.441587     0.682305     -1.21679
    0.471267     0.691077     -1.23983
    0.500661     0.700643     -1.26265
    0.530241      0.70947     -1.28569
    0.560183      0.71811      -1.3082
    0.589937     0.727302     -1.33099
    0.620416     0.735513     -1.35458
    0.650378      0.74462     -1.37854
    0.680727     0.753505     -1.40413
     0.71108     0.763064     -1.43153
    0.741701     0.773392     -1.46238
   -0.650168     0.497767     -1.32167
   -0.617529     0.502261     -1.29918
   -0.584011     0.506085     -1.27634
   -0.552074     0.510792     -1.25767
   -0.519958     0.515323     -1.23846
   -0.488137     0.520124     -1.22195
   -0.456801     0.525005     -1.20797
   -0.426129      0.53046     -1.19769
   -0.395291     0.535687     -1.18846
    -0.36462     0.541266     -1.17957
   -0.334313     0.546933     -1.16987
   -0.302898     0.551039     -1.15164
    -0.27037      0.55395     -1.12585
   -0.239118      0.55782     -1.10651
   -0.209488     0.563681      -1.1037
   -0.182293     0.572072     -1.11816
   -0.153362     0.581595     -1.14099
    -0.12633     0.591424     -1.16633
  -0.0992593     0.601853      -1.1974
  -0.0718789     0.612801     -1.22537
   -0.043073      0.62071     -1.23843
  -0.0127722     0.626365     -1.23638
   0.0179084     0.630895     -1.22659
   0.0485001     0.635471     -1.21459
   0.0791408     0.639423     -1.19943
    0.110135     0.643193     -1.18329
    0.140279     0.647734     -1.17176
    0.170105     0.652933     -1.16466
    0.200033     0.658168      -1.1607
    0.229624     0.663896     -1.15902
    0.259137     0.669425     -1.16005
     0.28836     0.676008     -1.16627
      0.3177     0.683398     -1.17868
    0.347138     0.691613     -1.19577
    0.376247     0.700345     -1.21534
    0.405492     0.709193     -1.23733
    0.434949     0.718635     -1.26053
    0.464596     0.727539     -1.28591
    0.494269     0.737124     -1.31237
    0.524123     0.746466     -1.33951
    0.554332      0.75663      -1.3673
    0.584336     0.765937     -1.39256
    0.614618     0.775184     -1.41824
    0.645305     0.785453     -1.44764
   -0.630378     0.537537      -1.3413
   -0.595837      0.54061      -1.3151
   -0.563795     0.545442     -1.29476
   -0.531173     0.549631     -1.27435
   -0.499006     0.553817     -1.25613
   -0.467566     0.558994     -1.24181
   -0.436695     0.564486     -1.23192
    -0.40625     0.570179      -1.2246
   -0.375556     0.575994     -1.21756
   -0.345224     0.581801     -1.21036
   -0.314319     0.586916       -1.197
   -0.281931     0.589833     -1.17305
   -0.249414     0.592536     -1.14735
   -0.219037     0.597421     -1.13591
   -0.191039     0.605599     -1.14632
   -0.162723     0.614893     -1.16888
    -0.13497     0.624911     -1.19644
   -0.108352     0.636147     -1.22653
  -0.0802923      0.64566     -1.25178
  -0.0513351     0.653785     -1.26576
   -0.021379     0.660442     -1.26666
  0.00942002     0.665146     -1.25556
   0.0404533     0.668984     -1.23845
   0.0714957     0.672207      -1.2191
    0.102701     0.675414     -1.20289
    0.132904      0.68024     -1.19253
    0.162701     0.685762     -1.18697
    0.192533     0.691105     -1.18487
    0.222216     0.697444     -1.18692
    0.251549     0.704374     -1.19267
    0.280854      0.71168     -1.20396
     0.30989     0.719932     -1.22075
    0.339505     0.729305     -1.24345
    0.368941     0.738411     -1.26718
    0.398431     0.747334     -1.29153
    0.428034     0.756673     -1.31755
     0.45765     0.767555     -1.34726
    0.487525      0.77822     -1.37978
   -0.577699     0.582483     -1.34852
   -0.545046     0.586609     -1.32776
   -0.512672     0.590855      -1.3087
   -0.480903     0.595866     -1.29396
   -0.449648      0.60134     -1.28306
   -0.418965     0.606907     -1.27594
   -0.388386      0.61307      -1.2709
   -0.357926     0.619048     -1.26579
   -0.327092     0.624553      -1.2568
    -0.29555     0.628679     -1.23974
   -0.262845     0.631502     -1.21515
   -0.230709     0.634226     -1.19466
   -0.201227     0.641307     -1.19534
   -0.173505     0.649796     -1.21112
   -0.144228     0.659491     -1.23416
   -0.117401     0.670822     -1.26176
  -0.0894141     0.680737     -1.28554
  -0.0603333     0.688862     -1.29811
  -0.0302159     0.695176     -1.29774
  0.00104357     0.699266     -1.28543
   0.0323853     0.702637     -1.26678
   0.0633781     0.706249     -1.24843
   0.0944395         0.71     -1.23307
     0.12495     0.714148     -1.22234
    0.154853     0.719841     -1.21766
    0.184712     0.725348     -1.21702
    0.214674     0.731638       -1.222
    0.243959     0.739267     -1.23311
    0.273051      0.74792     -1.25052
   -0.496383     0.635454      -1.3627
   -0.464705      0.64066     -1.35001
   -0.433556     0.646217     -1.34185
    -0.40302     0.652341     -1.33757
   -0.372016     0.658307     -1.33417
   -0.341727     0.664682     -1.33053
   -0.310786     0.670447     -1.32308
   -0.279529     0.675453      -1.3119
   -0.248112      0.68018     -1.29981
   -0.217091     0.685679     -1.29317
   -0.187529     0.692648     -1.29549
   -0.158446     0.701141     -1.30507
   -0.127872     0.708026      -1.3176
  -0.0992242     0.716805     -1.33031
  -0.0697672     0.724782     -1.33717
  -0.0393532     0.730477     -1.33502
 -0.00814454      0.73521     -1.32431
    0.023396     0.738487     -1.30697
   0.0544901     0.742604     -1.29109
   0.0853383     0.746901     -1.27738
    0.116372     0.750492     -1.26612
    0.146404     0.756294     -1.26182
    0.176246     0.762655     -1.26349
    0.206292     0.768903     -1.27163
    -0.17431     0.746929     -1.41559
   -0.143348     0.753078     -1.41096
   -0.111099     0.757779     -1.40457
  -0.0803477     0.763273      -1.3973
  -0.0493139     0.768338     -1.38898
  -0.0182547     0.773377     -1.37892
   0.0129389     0.777968     -1.36612
   0.0440941     0.782638     -1.35382
   0.0751077     0.786951     -1.34291
    0.106356     0.791054     -1.33392