V
   -0.270872     -0.43401     -1.48739
    -0.24637    -0.453999     -1.46985
   -0.221301    -0.473402     -1.45158
   -0.196163    -0.493094     -1.43111
   -0.170894    -0.512105     -1.40887
   -0.146143    -0.531232     -1.39233
   -0.121219    -0.550474      -1.3813
  -0.0964089    -0.568782     -1.37376
  -0.0724991    -0.587961     -1.37517
   -0.401086    -0.296038     -1.46919
    -0.37464    -0.317124     -1.43479
   -0.348882    -0.336287     -1.42082
   -0.325274    -0.355545     -1.42373
   -0.299585    -0.373646     -1.42769
   -0.274978    -0.392386     -1.43122
   -0.251204     -0.41145     -1.43072
   -0.226338    -0.430985     -1.41914
   -0.201263     -0.45044     -1.40036
   -0.175905     -0.46978     -1.37573
   -0.150956    -0.488964     -1.35325
   -0.126471    -0.508103     -1.33819
     -0.1019     -0.52723     -1.32847
  -0.0776105    -0.545551     -1.32328
  -0.0534381    -0.564232     -1.32433
  -0.0298214    -0.583433     -1.33039
 -0.00564326    -0.602032     -1.34037
     0.14114    -0.713924     -1.43614
   -0.480105    -0.195593     -1.46469
   -0.453959    -0.215822     -1.44103
   -0.427571    -0.236664     -1.40497
   -0.400328    -0.258354     -1.35694
   -0.374246     -0.27904     -1.32087
   -0.349666    -0.297799      -1.3136
   -0.326237     -0.31589     -1.32546
   -0.302833    -0.333583     -1.34648
   -0.278112    -0.351212     -1.36807
   -0.254829    -0.369347     -1.38339
   -0.231139    -0.388564     -1.38793
     -0.2063    -0.407597     -1.37882
    -0.18136    -0.427076     -1.35928
   -0.156468     -0.44696     -1.33367
   -0.132109    -0.466365     -1.31269
   -0.107359    -0.485113     -1.29958
  -0.0829091    -0.503675     -1.29151
  -0.0589268    -0.522356     -1.28756
  -0.0351343    -0.541165     -1.28708
  -0.0109168    -0.559765      -1.2903
   0.0131402    -0.578167     -1.29602
    0.037385    -0.596501     -1.30348
   0.0612563    -0.614993      -1.3142
    0.085468    -0.633731     -1.32886
    0.110111    -0.652524     -1.34346
    0.134046    -0.671202     -1.35707
    0.158093    -0.689849     -1.37231
    0.182796    -0.708441      -1.3888
    0.207492    -0.727094     -1.40699
    0.232085    -0.745982     -1.42287
     0.25617    -0.765162     -1.43628
    0.280926    -0.783895     -1.44817
    0.305363    -0.802703     -1.45856
    0.330142    -0.821432     -1.46906
    0.354417    -0.839871     -1.47906
     0.37892    -0.858752     -1.49068
   -0.557958   -0.0961822     -1.44523
   -0.532331    -0.116843     -1.42493
   -0.506725     -0.13684     -1.40488
   -0.480879    -0.156847     -1.38423
   -0.455083    -0.177474     -1.36211
   -0.429046    -0.197548     -1.33292
   -0.402758    -0.218608     -1.29262
    -0.37664    -0.239237     -1.25688
   -0.352315    -0.258499     -1.24381
   -0.329104    -0.276574     -1.25376
   -0.306323    -0.293944     -1.27477
   -0.281955    -0.311524     -1.30163
   -0.258706    -0.328939     -1.32791
   -0.235198    -0.346823     -1.34653
   -0.211269    -0.365506     -1.35103
   -0.186559    -0.384496     -1.34258
   -0.161904     -0.40395     -1.32484
   -0.137228    -0.423415     -1.30323
   -0.112799    -0.442639     -1.28402
  -0.0882647    -0.461527     -1.27177
  -0.0643336    -0.480574     -1.26394
  -0.0403337    -0.499101     -1.25945
  -0.0164961    -0.517766     -1.25695
  0.00756004    -0.536482     -1.25712
    0.031614    -0.554673     -1.25831
   0.0555836    -0.573136     -1.26126
   0.0791944    -0.591709     -1.26736
    0.103315    -0.610427     -1.27879
    0.127426    -0.628764     -1.29115
    0.151667    -0.647044     -1.30427
    0.175737    -0.665686     -1.31913
    0.199812    -0.684453     -1.33384
    0.224524    -0.702562     -1.34704
    0.248653    -0.721247     -1.35829
    0.273077    -0.739594     -1.36823
    0.297122    -0.758299     -1.37794
    0.321604    -0.776802     -1.38874
    0.345833    -0.795716     -1.40025
     0.37021    -0.814427     -1.41258
    0.394206    -0.833591     -1.42604
    0.418862    -0.852138     -1.43986
    0.443472    -0.871054     -1.45747
    0.468127    -0.890024     -1.47764
   -0.612217   -0.0158715     -1.44272
    -0.58615   -0.0365182     -1.41626
   -0.560257   -0.0571801     -1.39201
    -0.53393   -0.0771544     -1.36975
   -0.508712   -0.0974876     -1.34976
   -0.483081    -0.117504     -1.32964
   -0.457443    -0.137592     -1.30915
   -0.432736    -0.157572     -1.29027
   -0.407339    -0.177681      -1.2624
   -0.380972    -0.198672     -1.22464
   -0.355767    -0.218401     -1.20087
   -0.331862    -0.236502     -1.19942
   -0.308971    -0.254196     -1.21495
   -0.286543    -0.271558     -1.23815
   -0.262112    -0.289095     -1.26737
   -0.239271    -0.305953     -1.29388
   -0.216393    -0.324436     -1.31196
   -0.192034     -0.34301       -1.317
   -0.167398    -0.361926     -1.30851
   -0.142715    -0.381042     -1.29429
   -0.118359     -0.40019      -1.2788
  -0.0941096    -0.419357     -1.26355
   -0.069755    -0.438356     -1.25212
  -0.0460452    -0.457469     -1.24328
  -0.0219211    -0.475788     -1.23699
  0.00204264    -0.494412     -1.23172
   0.0260709    -0.512872     -1.22888
   0.0499923    -0.531269     -1.22686
   0.0734499    -0.549984     -1.22752
   0.0971744    -0.568193     -1.23172
    0.121663     -0.58663     -1.24086
    0.145216    -0.604854     -1.25155
    0.169445    -0.623177     -1.26474
    0.193415     -0.64164     -1.27894
    0.217501     -0.66043     -1.29345
    0.241817     -0.67856     -1.30472
     0.26587    -0.696843     -1.31302
    0.289629     -0.71548     -1.31943
    0.313484    -0.734088     -1.32529
    0.337653    -0.752474     -1.33243
    0.361226     -0.77114     -1.34032
    0.385552    -0.789223     -1.35175
    0.409684    -0.808126     -1.36635
    0.434421    -0.826685     -1.38361
    0.458688    -0.845978     -1.40298
    0.483492    -0.864429     -1.42263
    0.508595    -0.883256     -1.44519
   -0.616511    0.0254639     -1.41655
   -0.589795   0.00459011     -1.38939
   -0.563782   -0.0158959     -1.36514
   -0.538084   -0.0364664     -1.34164
   -0.512159   -0.0566754      -1.3193
   -0.486871   -0.0768745     -1.29915
   -0.461906   -0.0967016     -1.28113
   -0.436712    -0.116791     -1.26275
    -0.41182    -0.136409     -1.24272
   -0.386329    -0.157044     -1.21148
   -0.360449    -0.177674     -1.17925
   -0.336188    -0.196756     -1.16494
   -0.312526    -0.214598     -1.16851
   -0.289583    -0.232008     -1.18322
    -0.26651    -0.249419     -1.20622
   -0.242739    -0.266736     -1.23208
   -0.219789    -0.284456     -1.24928
   -0.195958    -0.302437     -1.26505
   -0.172461     -0.32054     -1.27455
   -0.147932     -0.33918     -1.27196
   -0.123853    -0.358229     -1.26602
  -0.0994172    -0.376762     -1.25929
  -0.0755897    -0.395732     -1.25125
  -0.0513009    -0.414986     -1.24025
  -0.0273647    -0.433765     -1.22835
 -0.00351169     -0.45243     -1.21911
   0.0201889    -0.471415     -1.21109
   0.0441001    -0.490017     -1.20549
   0.0681172    -0.508029      -1.2015
    0.091548    -0.526714     -1.20114
     0.11511    -0.545014     -1.20504
    0.139224     -0.56364     -1.21338
    0.163131    -0.581593     -1.22355
    0.187103    -0.599665     -1.23658
     0.21115    -0.618082     -1.25037
    0.235252    -0.636528     -1.26416
    0.259127    -0.655005     -1.27461
    0.283203    -0.673209     -1.28214
    0.306899    -0.691524      -1.2865
    0.330867    -0.709686     -1.28973
    0.354711      -0.7281     -1.29447
     0.37795    -0.746762     -1.30017
    0.401842    -0.765177     -1.30893
    0.425946    -0.783547     -1.32168
    0.450386    -0.802086     -1.33797
    0.474444    -0.820872     -1.35483
    0.498756    -0.839467     -1.37332
    0.523442    -0.858192     -1.39415
    0.548838    -0.877071     -1.41871
    0.574273    -0.896516     -1.44764
   -0.646868    0.0883833     -1.42564
     -0.6206    0.0673676      -1.3975
    -0.59398    0.0461295     -1.37176
   -0.568332    0.0258481     -1.34989
    -0.54284   0.00518812     -1.32772
   -0.517317   -0.0151199     -1.30604
   -0.491846   -0.0354208     -1.28517
   -0.466638   -0.0552069     -1.26607
   -0.441753   -0.0750945       -1.248
   -0.416464    -0.095131     -1.22828
   -0.391498    -0.114826     -1.20489
   -0.366028    -0.135849     -1.17256
   -0.340628    -0.155654      -1.1465
   -0.316634    -0.174706     -1.13595
   -0.293216    -0.192443     -1.14217
   -0.270688    -0.209618     -1.15758
   -0.246814    -0.227248     -1.17979
   -0.223767    -0.245041     -1.19825
   -0.200368    -0.262403     -1.21459
   -0.176761    -0.279829     -1.23061
   -0.152902    -0.298521     -1.23267
   -0.128639     -0.31673     -1.23441
   -0.104684    -0.335019     -1.23917
  -0.0808775    -0.353634     -1.24137
  -0.0570825    -0.372323     -1.23963
  -0.0328174    -0.391301     -1.23105
 -0.00902751    -0.410319     -1.21737
     0.01473    -0.429197     -1.20527
   0.0386177       -0.448     -1.19425
   0.0624267    -0.466498     -1.18638
   0.0861956    -0.484873      -1.1813
    0.109681    -0.503335     -1.18024
    0.133265    -0.521628     -1.18429
    0.157318    -0.540045     -1.19219
    0.181089    -0.557901     -1.20234
    0.204815    -0.576414     -1.21534
    0.229064    -0.594226     -1.22928
    0.253177    -0.612797     -1.24277
    0.276653    -0.631511     -1.25111
    0.300314    -0.649691     -1.25474
    0.323905     -0.66788     -1.25464
    0.347629    -0.686185     -1.25637
    0.371087     -0.70462     -1.26153
    0.394919     -0.72257      -1.2685
    0.418458    -0.741363     -1.27809
    0.442516    -0.759599     -1.29015
    0.466548    -0.778156     -1.30411
    0.490273    -0.796719     -1.31768
    0.514916     -0.81465     -1.33277
    0.538729    -0.833102     -1.34916
     0.56404     -0.85217      -1.3698
    0.588425    -0.870767      -1.3919
    0.613581    -0.889446     -1.41771
   -0.651734     0.130268     -1.41609
   -0.624717     0.108996     -1.38379
    -0.59921    0.0884186     -1.36002
   -0.572706     0.067197      -1.3359
   -0.547586    0.0473302     -1.31671
   -0.522083    0.0268812     -1.29632
   -0.496837   0.00690004     -1.27712
   -0.471812   -0.0133249     -1.25776
   -0.446735   -0.0332845     -1.23863
   -0.421475   -0.0530431     -1.21912
    -0.39653   -0.0732565     -1.19795
   -0.371644   -0.0935105     -1.17185
   -0.346142    -0.114111     -1.14174
   -0.321621    -0.133793     -1.12179
   -0.297767     -0.15271     -1.11273
   -0.274529    -0.170617     -1.11938
   -0.251993    -0.187185     -1.13732
   -0.227862    -0.204719      -1.1596
   -0.205238    -0.221916     -1.18014
    -0.18128    -0.239052     -1.19921
   -0.157904    -0.256978     -1.20909
   -0.133901    -0.275604     -1.20672
   -0.109906    -0.294465     -1.20623
  -0.0860356    -0.312206     -1.21556
  -0.0624891    -0.330628     -1.22389
  -0.0387281     -0.34928     -1.22532
  -0.0144499    -0.367869     -1.22025
  0.00933376    -0.386749     -1.20754
   0.0331003    -0.405832     -1.19181
   0.0569153    -0.424713     -1.17859
   0.0807513    -0.443118     -1.16952
    0.104286     -0.46168     -1.16354
    0.127614    -0.480176     -1.16295
    0.151198    -0.498658     -1.16768
    0.175068    -0.516755     -1.17554
    0.198897    -0.534805     -1.18653
    0.222866    -0.552886     -1.19959
    0.246679    -0.571212     -1.21321
    0.270673    -0.589578      -1.2226
    0.294017    -0.607926      -1.2226
    0.317474    -0.625978     -1.22056
     0.34043    -0.644484      -1.2195
    0.364417    -0.662728     -1.22428
    0.387967     -0.68097     -1.23358
    0.411959    -0.698987     -1.24425
    0.435654    -0.717527     -1.25497
    0.459488    -0.735882     -1.26644
    0.483349    -0.754275     -1.27837
    0.507337    -0.772376     -1.28984
    0.531111    -0.790848     -1.30248
    0.555001    -0.808685     -1.31562
     0.57986    -0.827611     -1.33189
    0.603245    -0.846056     -1.34711
    0.627344    -0.864301     -1.36304
      0.6521    -0.882548     -1.38457
    0.677962    -0.901645     -1.41805
   -0.656924      0.17338     -1.41238
   -0.629703     0.151253     -1.37519
   -0.603425     0.129993     -1.34838
    -0.57809     0.109615       -1.327
   -0.552034    0.0887109     -1.30503
   -0.526982    0.0686509     -1.28694
   -0.501905    0.0485013     -1.26833
   -0.476803    0.0284995      -1.2505
   -0.451844   0.00846673     -1.23151
   -0.426896   -0.0113774      -1.2125
   -0.401739    -0.031392     -1.19211
   -0.377019   -0.0515829     -1.17044
    -0.35202   -0.0719305     -1.14395
   -0.326934   -0.0921592     -1.11798
   -0.302867    -0.111577     -1.10346
   -0.279251    -0.129962     -1.09612
   -0.255566    -0.148051     -1.10163
   -0.233096    -0.164322     -1.12223
   -0.209023    -0.181862     -1.14501
   -0.186475    -0.198781     -1.16844
   -0.162584    -0.215659      -1.1874
   -0.139104    -0.234249     -1.19191
   -0.115532    -0.252978      -1.1896
  -0.0914182    -0.271593     -1.18778
  -0.0675763    -0.289315     -1.19746
  -0.0438653    -0.307272     -1.20787
  -0.0199587    -0.325612     -1.21048
  0.00396825    -0.344417     -1.20798
   0.0276903    -0.363335     -1.19599
   0.0514942    -0.382435     -1.17743
   0.0751466    -0.401609     -1.16277
   0.0986349    -0.420283     -1.15344
    0.122179     -0.43854     -1.14815
    0.145498    -0.456952     -1.14853
    0.169356    -0.475209     -1.15494
    0.193088    -0.493542     -1.16403
    0.217008    -0.511339      -1.1757
    0.240922    -0.529356       -1.188
    0.264306    -0.547856      -1.1961
    0.288077    -0.566035      -1.1956
    0.311173     -0.58449     -1.18932
    0.334064    -0.602974     -1.18566
    0.357498    -0.620864     -1.18686
    0.381427    -0.639046     -1.19708
    0.405404    -0.657167     -1.21202
    0.429398    -0.675229     -1.22574
    0.453046    -0.693681     -1.23625
    0.476596    -0.712269       -1.246
    0.500237    -0.730522     -1.25518
    0.523738    -0.748828     -1.26459
     0.54748    -0.766903     -1.27638
    0.571472    -0.785033     -1.28986
    0.596038     -0.80369     -1.30462
    0.619364    -0.821736       -1.316
    0.642781    -0.839972     -1.32562
    0.666317    -0.858091     -1.33605
     0.69053    -0.876119     -1.35269
    0.715776    -0.894678     -1.37966
   -0.634974      0.19341     -1.37221
   -0.608675     0.171855     -1.34048
   -0.582969     0.151254      -1.3182
   -0.557462     0.130787     -1.29806
   -0.531936      0.11036     -1.27876
   -0.507038    0.0904735     -1.26215
   -0.482178    0.0703457     -1.24429
   -0.457066    0.0502225     -1.22602
   -0.432109    0.0303335     -1.20689
    -0.40731    0.0105231     -1.18775
   -0.382041  -0.00967411     -1.16627
   -0.357501   -0.0298176     -1.14464
   -0.332812   -0.0500892     -1.12051
   -0.308053   -0.0700217     -1.09854
   -0.284162   -0.0891119     -1.08641
   -0.260476    -0.107592     -1.07899
   -0.236939    -0.125423     -1.08676
   -0.214717    -0.141483     -1.11246
   -0.190519    -0.158948     -1.13608
   -0.167649     -0.17496     -1.16055
   -0.144261    -0.192439     -1.18072
   -0.120735    -0.210681     -1.18432
  -0.0968506     -0.22977     -1.17899
    -0.07285    -0.248294     -1.17608
  -0.0492798     -0.26629      -1.1854
  -0.0254722    -0.284234      -1.1945
 -0.00154895    -0.302539     -1.19769
   0.0224426    -0.320995     -1.19545
   0.0461359    -0.340052     -1.18098
   0.0694806    -0.359539     -1.16208
   0.0931544    -0.378491     -1.14757
    0.116757    -0.396987     -1.13872
    0.140187     -0.41544     -1.13558
    0.163473    -0.433752     -1.13783
    0.187616    -0.451715     -1.14622
    0.211278    -0.469956     -1.15741
    0.234945    -0.488001     -1.16879
    0.258564    -0.506105     -1.17518
     0.28185    -0.524593     -1.17382
    0.305001      -0.5432     -1.16555
    0.327862    -0.561477     -1.15704
    0.351077     -0.57978     -1.15476
    0.374445    -0.597714     -1.16053
    0.398319     -0.61616     -1.17621
    0.422699    -0.634017     -1.19627
    0.446551    -0.652274     -1.21073
    0.470064    -0.670136     -1.21714
    0.493514    -0.688607     -1.22349
    0.516994    -0.706587     -1.23036
    0.540529     -0.72469     -1.23939
    0.564148    -0.742778     -1.25091
    0.588099    -0.761231     -1.26493
     0.61213    -0.779712     -1.27857
    0.635451    -0.797507     -1.28712
    0.658436    -0.815776     -1.29272
    0.681268    -0.833534     -1.29728
    0.704489    -0.851845     -1.30594
    0.728097    -0.869848     -1.31961
   -0.641146     0.237054     -1.37715
   -0.613762     0.214097     -1.33935
   -0.588186     0.192972     -1.31205
   -0.562761     0.172753     -1.29218
   -0.537202     0.152125     -1.27254
   -0.512231     0.132049     -1.25541
   -0.487103     0.112412     -1.23948
   -0.462288    0.0925743     -1.22228
   -0.437394    0.0722131      -1.2039
   -0.412721    0.0520931     -1.18464
   -0.387863    0.0323247     -1.16476
   -0.362773    0.0118752      -1.1422
   -0.338156  -0.00795325     -1.12086
   -0.313776    -0.027982      -1.0999
   -0.289425   -0.0477591     -1.08177
   -0.265632   -0.0667826     -1.07054
   -0.241911   -0.0855469     -1.06287
   -0.218626    -0.102704     -1.07473
    -0.19636    -0.118524     -1.10513
    -0.17216    -0.135505     -1.13162
     -0.1498    -0.152251     -1.15696
   -0.126119    -0.168481     -1.17771
   -0.102122    -0.186748     -1.18053
  -0.0782889    -0.206031     -1.17298
  -0.0543953    -0.224645     -1.16964
  -0.0306717    -0.242695     -1.17762
   -0.007129    -0.261046     -1.18394
   0.0169043    -0.279059     -1.18592
    0.040851      -0.2979     -1.17899
   0.0643159    -0.317313      -1.1622
   0.0877041    -0.336438     -1.14575
    0.111059    -0.355729     -1.13351
    0.134673    -0.374035     -1.12683
     0.15832    -0.392269      -1.1261
    0.181613    -0.410439     -1.13138
    0.205681    -0.428396     -1.14196
    0.229408    -0.446583     -1.15345
    0.252835    -0.464826     -1.15874
      0.2762    -0.482922     -1.15408
    0.299035     -0.50165       -1.146
    0.321782    -0.520538     -1.13582
     0.34459    -0.538679      -1.1283
     0.36785    -0.556622     -1.12781
     0.39146    -0.574632     -1.13716
    0.415625    -0.592677     -1.15766
    0.440713    -0.610613     -1.18516
    0.464243    -0.628463     -1.19748
    0.486893    -0.646475     -1.19389
    0.510014    -0.665075     -1.19583
    0.533142     -0.68341     -1.20242
    0.557228    -0.700851     -1.21311
    0.580531    -0.718923     -1.22564
    0.604848    -0.737453     -1.24048
    0.628348    -0.755817     -1.25292
    0.651289     -0.77374     -1.25951
    0.673967    -0.791628       -1.262
    0.696652    -0.809478     -1.26432
    0.719207    -0.827829     -1.26894
    0.742243    -0.845356      -1.2765
    0.765978    -0.863632     -1.29287
   -0.647114     0.280739     -1.38395
   -0.620294     0.258339     -1.34724
   -0.593104     0.235861     -1.31309
   -0.567758      0.21484     -1.28827
   -0.542737     0.194725     -1.26954
    -0.51708     0.173946     -1.25047
   -0.492468     0.154317     -1.23493
   -0.467506     0.134167     -1.21826
   -0.442874     0.114496     -1.20176
   -0.418165    0.0942793     -1.18386
   -0.393358    0.0741773     -1.16408
   -0.368567    0.0541197     -1.14321
    -0.34344    0.0337475     -1.12062
   -0.319145    0.0139434     -1.10064
   -0.294992  -0.00601276     -1.08149
   -0.270769   -0.0255291     -1.06613
   -0.247068   -0.0441488     -1.05685
   -0.223632   -0.0628695     -1.05147
   -0.200735   -0.0796606     -1.06761
   -0.178097   -0.0953265     -1.10077
   -0.153669    -0.111633     -1.13114
   -0.130811    -0.127339     -1.15687
   -0.107368    -0.144853       -1.174
  -0.0837518    -0.163262     -1.17723
  -0.0602362    -0.182506     -1.17169
  -0.0361566    -0.200974      -1.1685
  -0.0122184    -0.218901     -1.17322
   0.0112624    -0.237572     -1.17533
   0.0349792    -0.256084     -1.17183
   0.0591448    -0.275123      -1.1592
    0.082285    -0.294514      -1.1441
    0.105676    -0.313788     -1.13018
    0.129358    -0.332287     -1.12128
    0.152543    -0.351044     -1.11864
    0.176114    -0.369266     -1.12027
    0.199772    -0.386949     -1.12787
    0.223871    -0.404882     -1.13921
    0.247266    -0.423331     -1.14491
    0.270324    -0.441879     -1.14022
    0.293522    -0.459896     -1.12858
    0.316298    -0.478848     -1.11799
    0.338653    -0.497599     -1.10708
    0.361539    -0.515908     -1.10041
    0.384511    -0.533584     -1.09976
    0.408028    -0.551759     -1.10926
    0.432028     -0.56994     -1.13226
    0.457828    -0.587573      -1.1662
    0.481653    -0.604942     -1.17657
    0.502924    -0.623736     -1.16317
    0.525359    -0.641768     -1.15946
    0.549286    -0.659357     -1.16704
    0.572758    -0.677886     -1.18198
    0.596223    -0.695668      -1.1983
    0.621287    -0.713914     -1.21604
    0.644377    -0.732321     -1.22902
    0.667355    -0.750141     -1.23508
     0.68974    -0.767978     -1.23563
    0.712017    -0.785898     -1.23551
    0.734245    -0.803821     -1.23748
    0.757059    -0.821584     -1.24352
    0.780666      -0.8393     -1.25743
    0.804812    -0.857889      -1.2815
    -0.62636     0.302348     -1.35759
   -0.599854     0.279457     -1.32224
   -0.573307     0.257549     -1.29062
   -0.547789     0.236431     -1.26705
   -0.522842     0.216962     -1.24954
   -0.497526     0.195998     -1.23164
   -0.472932     0.176576     -1.21687
   -0.448084     0.156371     -1.19983
    -0.42339     0.136648      -1.1832
   -0.398716     0.116489     -1.16516
   -0.374186     0.096126     -1.14501
   -0.349355    0.0761864     -1.12359
    -0.32468    0.0556586     -1.10181
   -0.300515    0.0358026     -1.08291
   -0.276276    0.0162055     -1.06529
   -0.252227  -0.00309095       -1.052
   -0.228828   -0.0220485     -1.04297
   -0.205119   -0.0404458     -1.03825
    -0.18275   -0.0567084     -1.05896
   -0.160028   -0.0722943     -1.09625
   -0.135519   -0.0879047     -1.13184
   -0.112781    -0.104036     -1.15768
   -0.089682    -0.121709     -1.17579
   -0.065901    -0.139397     -1.18182
  -0.0416043    -0.158169     -1.17339
  -0.0176807    -0.177171      -1.1678
  0.00579146      -0.1958     -1.16806
   0.0296521    -0.214255      -1.1637
   0.0534083    -0.233347     -1.15349
   0.0770082    -0.252698     -1.14005
    0.100603    -0.271474     -1.12731
    0.123845    -0.290677     -1.11528
    0.147352    -0.309395     -1.10913
    0.170797    -0.327615     -1.10944
    0.194284    -0.345822       -1.115
    0.218083    -0.363355     -1.12447
     0.24173    -0.381673     -1.13147
    0.264995    -0.400461     -1.12884
    0.287803    -0.419123     -1.11783
    0.310521     -0.43756     -1.10418
    0.333395    -0.456043     -1.09208
    0.355586    -0.474823     -1.07981
    0.378374    -0.492808     -1.07209
    0.400939    -0.510906      -1.0709
    0.424817    -0.528914     -1.08158
    0.448819    -0.546491     -1.10618
    0.474551    -0.564064     -1.14057
    0.497067    -0.582565      -1.1446
    0.518589      -0.6004     -1.12713
    0.540874    -0.618464     -1.12127
    0.563973    -0.636332     -1.12785
    0.587956    -0.654788     -1.14666
    0.612033    -0.672614     -1.16974
    0.637301    -0.690889     -1.19222
    0.660659    -0.708721     -1.20646
    0.683496    -0.726628     -1.21219
    0.705657    -0.744573     -1.21153
    0.727614    -0.762474     -1.21018
    0.749986    -0.780091     -1.21141
    0.772445    -0.797808     -1.21734
    0.795872    -0.815881     -1.23077
    0.819968    -0.834039      -1.2535
     0.84594    -0.852635     -1.28583
   -0.632619     0.346213     -1.37001
   -0.606243     0.323865      -1.3352
   -0.579466     0.301339     -1.30049
   -0.553309     0.279523     -1.27082
    -0.52812     0.258696      -1.2491
   -0.503386     0.238973     -1.23226
   -0.478138     0.218342     -1.21544
   -0.453658     0.198705     -1.20053
   -0.428889     0.178612     -1.18352
   -0.404365     0.158777      -1.1672
   -0.379793     0.138641     -1.14894
   -0.355186      0.11843     -1.12839
    -0.33056    0.0979341     -1.10654
   -0.305882    0.0776191     -1.08502
   -0.281735    0.0578943     -1.06669
   -0.257753    0.0383632     -1.05013
   -0.233764    0.0192024     -1.03801
    -0.21036  0.000219972       -1.029
   -0.186765   -0.0179619     -1.02647
   -0.164334   -0.0335688     -1.04765
   -0.141311   -0.0492864     -1.08724
   -0.117254   -0.0644768     -1.12977
   -0.094585   -0.0801123     -1.15786
  -0.0708287   -0.0966207     -1.18055
  -0.0474482    -0.114242     -1.19133
  -0.0233116    -0.134544     -1.17536
 0.000300185    -0.153865     -1.16488
   0.0242368    -0.172302      -1.1578
   0.0475755    -0.191929     -1.14538
    0.071398     -0.21116     -1.13234
   0.0948624    -0.230259     -1.11977
    0.118591      -0.2489     -1.10728
    0.141902    -0.267752     -1.09717
    0.165234    -0.286597     -1.09458
    0.188805     -0.30448     -1.09737
    0.212249     -0.32254     -1.10322
    0.235649    -0.340628     -1.11049
    0.259409    -0.359089     -1.11514
    0.282279    -0.377944       -1.109
    0.305149    -0.396293     -1.09589
    0.327391     -0.41521     -1.08131
    0.349806    -0.434008     -1.06747
    0.372618    -0.452128     -1.05491
    0.394459    -0.471039     -1.04628
    0.417076    -0.488972     -1.04505
    0.441232    -0.506518     -1.05873
    0.465222    -0.523782     -1.08472
    0.489584    -0.542599     -1.11739
    0.513417    -0.560225     -1.11614
    0.534559    -0.577482     -1.09576
    0.556642    -0.595638     -1.08942
    0.579182    -0.613312     -1.09319
    0.603167     -0.63107     -1.11222
    0.628046     -0.64958     -1.14302
     0.65358    -0.667706     -1.17104
    0.677072    -0.685396     -1.18725
    0.699906    -0.703329     -1.19319
     0.72174    -0.721213     -1.19156
    0.743919    -0.738792     -1.18962
    0.766047    -0.756667     -1.19096
    0.788599    -0.774415     -1.19727
    0.811872    -0.792155     -1.20983
    0.835612    -0.810373     -1.23108
    0.861109    -0.828881     -1.26347
   -0.612427     0.367969     -1.34804
   -0.585959     0.345951     -1.31544
   -0.559799     0.323219     -1.28228
   -0.533852     0.301997     -1.25476
   -0.508837     0.281038     -1.23396
   -0.484221     0.261085     -1.21726
   -0.458862      0.24075     -1.20085
   -0.434445     0.221278     -1.18622
   -0.409871     0.200917     -1.16913
   -0.385351     0.181197     -1.15277
   -0.360786     0.160929     -1.13386
   -0.336239     0.140628     -1.11315
   -0.311778     0.120036     -1.09141
   -0.287219    0.0998271     -1.07043
   -0.263321    0.0801208     -1.05295
   -0.239251    0.0606985     -1.03707
    -0.21534    0.0415047     -1.02503
   -0.191933    0.0226093     -1.01707
   -0.168601   0.00497275     -1.01909
   -0.146048   -0.0109417     -1.03753
   -0.122494   -0.0264282     -1.07529
  -0.0988259   -0.0409852      -1.1235
  -0.0763073   -0.0567595     -1.15464
  -0.0525587    -0.073223     -1.17737
  -0.0288915   -0.0901486     -1.18946
 -0.00495185    -0.110823     -1.17245
   0.0189272     -0.12997      -1.1568
   0.0423039    -0.150102     -1.13883
   0.0657818    -0.169632     -1.11944
   0.0895976    -0.188891     -1.10342
    0.112803    -0.208375     -1.08894
    0.135948    -0.227374     -1.07655
    0.159319     -0.24612     -1.07015
    0.182584    -0.264488     -1.06489
    0.205201    -0.283555     -1.04145
    0.227654    -0.303285     -1.02317
    0.250912    -0.321186     -1.03168
    0.275343    -0.338202     -1.06103
    0.299629    -0.355564     -1.08032
    0.322003    -0.374074     -1.07283
     0.34452    -0.392597     -1.05622
    0.366784    -0.411432     -1.04102
     0.38921     -0.42976     -1.02995
     0.41155    -0.447952     -1.02273
    0.434103    -0.466131     -1.02341
    0.458011     -0.48356     -1.03766
    0.481262    -0.499846     -1.06354
    0.507133    -0.517335     -1.10027
    0.532458    -0.538099     -1.10155
    0.551069    -0.554773     -1.07495
    0.572684    -0.572874     -1.06541
    0.595139    -0.590579     -1.06714
    0.618304    -0.608271     -1.08396
    0.644545    -0.626485     -1.12004
    0.670342    -0.644332     -1.15501
    0.693994    -0.662211      -1.1733
    0.716705    -0.680177     -1.17914
    0.738328    -0.698063     -1.17595
    0.760217    -0.715832     -1.17291
    0.782054    -0.733628     -1.17373
    0.804647    -0.751399     -1.18074
    0.827841    -0.769026     -1.19335
    0.851885    -0.787206     -1.21428
    0.876719    -0.805634     -1.24445
    0.904107    -0.823864     -1.28362
   -0.619191     0.413417     -1.36349
   -0.592744     0.390041     -1.32897
   -0.566599     0.368044     -1.29914
   -0.540223     0.345622     -1.26727
   -0.514688      0.32424     -1.24089
   -0.489574     0.303413     -1.22047
   -0.464887     0.283603      -1.2038
   -0.439828     0.263155     -1.18762
   -0.415652     0.243564     -1.17351
   -0.391182     0.223369     -1.15694
   -0.366683     0.203468     -1.13998
   -0.341936     0.183253     -1.12002
    -0.31747      0.16302     -1.09946
   -0.293134     0.142426     -1.07836
   -0.268742     0.122145     -1.05786
   -0.244735     0.102523     -1.04068
   -0.221087    0.0829591     -1.02605
   -0.197303    0.0637863      -1.0155
   -0.173845    0.0452388     -1.00919
   -0.150512     0.027617     -1.01178
   -0.127781    0.0111541     -1.02638
    -0.10436  -0.00432614     -1.06143
  -0.0810103   -0.0183694     -1.11161
  -0.0580487   -0.0336798     -1.14693
  -0.0343155    -0.050508     -1.16656
   -0.010543   -0.0683428     -1.17094
   0.0132951   -0.0879302     -1.15619
   0.0368303    -0.108249     -1.13254
   0.0602496    -0.128724     -1.10335
   0.0836134    -0.148745     -1.07754
    0.107085    -0.168512     -1.05708
    0.130041    -0.187955     -1.04182
    0.153131    -0.206735     -1.03055
    0.176162    -0.225178     -1.01914
    0.198253    -0.245835    -0.979429
    0.219514    -0.267341    -0.929376
    0.242183    -0.285625    -0.921646
    0.266057     -0.30243    -0.952113
    0.290934    -0.317589      -1.0026
    0.316361    -0.333112     -1.04368
    0.339012    -0.351523     -1.04427
    0.361188    -0.370469     -1.02781
    0.383601    -0.389084     -1.01451
    0.405792    -0.407407     -1.00592
    0.428235    -0.425517     -1.00179
    0.450855    -0.444047     -1.00543
    0.474396    -0.461236     -1.01896
    0.499072    -0.478117     -1.04623
    0.526792    -0.494496      -1.0982
    0.548957    -0.512639     -1.10244
    0.567599    -0.532275      -1.0616
    0.589123    -0.550444     -1.04845
    0.611516    -0.568022     -1.04919
    0.634339    -0.585914     -1.06413
    0.661088    -0.603397     -1.10215
    0.687545    -0.621142     -1.14439
    0.711343    -0.638939     -1.16409
    0.733543    -0.657064     -1.16687
    0.754874    -0.674962     -1.16191
    0.776987    -0.692663     -1.15945
    0.798974    -0.710201      -1.1607
    0.821221    -0.728293     -1.16746
    0.844298    -0.745933     -1.17998
    0.868533    -0.763863     -1.20083
    0.893388    -0.781966     -1.22955
     0.92015    -0.800384     -1.27045
   -0.599007     0.434202     -1.34228
   -0.572722     0.412151     -1.31076
   -0.546943     0.389984     -1.28266
   -0.520941     0.367995      -1.2534
   -0.495706     0.346624      -1.2286
   -0.470544     0.326045     -1.20833
      -0.446     0.306047     -1.19175
   -0.421037       0.2859     -1.17618
   -0.396788     0.266111     -1.16191
   -0.372423     0.246147     -1.14596
   -0.347809      0.22608     -1.12863
   -0.323394     0.205468     -1.10807
   -0.299006     0.185276     -1.08774
   -0.274546     0.165041     -1.06719
   -0.250318     0.144655     -1.04727
   -0.226403     0.124884     -1.03019
   -0.202756     0.105516     -1.01678
   -0.179131    0.0867493     -1.00894
   -0.155774    0.0682483     -1.00411
   -0.132457    0.0504504     -1.00603
   -0.109571    0.0337794     -1.01713
  -0.0857102    0.0177924     -1.04452
  -0.0625781   0.00360448      -1.0886
  -0.0394214   -0.0108534     -1.12887
  -0.0156614   -0.0273308      -1.1486
  0.00786355   -0.0461613     -1.14529
   0.0313925    -0.066515     -1.12155
   0.0546559   -0.0883429     -1.08224
   0.0779396    -0.109595     -1.04401
    0.101125    -0.129583     -1.01843
    0.124309     -0.14888      -0.9964
    0.146913    -0.168509    -0.972511
    0.169279    -0.188612    -0.948648
    0.191107    -0.209113    -0.918127
    0.213015    -0.229556    -0.876741
    0.235231    -0.247902    -0.859863
    0.258392     -0.26487    -0.875637
    0.283492    -0.280114    -0.918497
    0.308849    -0.294573    -0.981351
    0.333135    -0.311329     -1.01477
    0.355607    -0.329813     -1.01315
    0.377952     -0.34827     -1.00093
    0.400411    -0.366849     -0.99272
    0.422535    -0.385184     -0.98751
    0.444869     -0.40334    -0.984744
    0.467651    -0.421577    -0.988763
    0.491154    -0.438905     -1.00146
    0.515235    -0.456306     -1.02815
    0.543283    -0.472779     -1.08933
    0.566434    -0.490123     -1.10079
    0.584971    -0.509482     -1.05576
    0.606411    -0.527528     -1.03936
    0.628313    -0.545585     -1.03861
    0.651296    -0.562915     -1.05127
    0.677648    -0.580913     -1.09055
    0.705167    -0.598153     -1.13916
    0.729101    -0.615789     -1.15904
    0.750682    -0.633846     -1.15742
    0.771818    -0.652016     -1.15152
    0.793808    -0.669799     -1.14958
    0.815748    -0.687402     -1.15104
    0.838197    -0.705297     -1.15784
    0.861126    -0.722909     -1.17008
    0.885352    -0.740851     -1.19086
    0.910426    -0.758804     -1.21963
    0.936835    -0.777286      -1.2613
   -0.606068      0.47922     -1.35113
   -0.579052     0.456559     -1.32594
   -0.553122     0.434646     -1.29601
   -0.527464     0.412458     -1.26866
   -0.501751     0.390563     -1.24106
   -0.476613     0.369388     -1.21721
   -0.451709     0.348536     -1.19706
   -0.427051      0.32861     -1.18036
   -0.402246     0.308284     -1.16504
    -0.37803     0.288505     -1.15067
   -0.353631     0.268623     -1.13506
   -0.329112     0.248799     -1.11846
   -0.304853     0.228127     -1.09877
   -0.280688     0.207889     -1.07919
   -0.256272     0.187645     -1.05944
   -0.232067     0.167537     -1.04061
   -0.208341     0.147726     -1.02427
   -0.184776     0.128274     -1.01125
   -0.160934     0.109779     -1.00396
   -0.137763    0.0912345     -1.00008
   -0.114607    0.0733067      -1.0017
  -0.0916938    0.0563846     -1.00967
   -0.067437    0.0394414     -1.02797
  -0.0444938    0.0239834     -1.05699
  -0.0209599   0.00945133     -1.08859
  0.00244327  -0.00742838     -1.10265
   0.0257351   -0.0271805     -1.08927
   0.0491853   -0.0491203     -1.04911
   0.0722803   -0.0713554      -1.0047
   0.0949999   -0.0916299    -0.975478
    0.118065    -0.110985    -0.953418
    0.140638    -0.131236    -0.923086
    0.162589    -0.152361    -0.885697
    0.184905    -0.172065    -0.856701
    0.206712    -0.191359    -0.833928
    0.228799    -0.210201    -0.817792
    0.251412    -0.227401      -0.8191
    0.274929    -0.243916     -0.83801
    0.299051    -0.259671    -0.874364
    0.324606    -0.274118    -0.944024
    0.349401    -0.289934    -0.984364
    0.371891    -0.308288    -0.985992
    0.394753    -0.326223    -0.981132
     0.41745    -0.344319    -0.978659
    0.439887    -0.362534    -0.977744
    0.462128     -0.38069    -0.975188
     0.48472    -0.399064    -0.976567
     0.50807    -0.416228    -0.987186
    0.532378    -0.433377     -1.01301
    0.560533    -0.449676     -1.07533
    0.585431    -0.466502     -1.10321
    0.602883    -0.486544     -1.05751
    0.623937    -0.504837     -1.03539
    0.645873    -0.522763     -1.03334
    0.668666    -0.540095     -1.04359
    0.694928    -0.557836     -1.08325
    0.723104    -0.575292     -1.13733
    0.746778    -0.592959      -1.1566
    0.768076    -0.610764     -1.15158
    0.789182    -0.628978     -1.14473
    0.811153    -0.646878     -1.14306
    0.833116    -0.664505     -1.14483
    0.855427    -0.682432     -1.15155
    0.878494    -0.699851     -1.16346
    0.902347    -0.718041     -1.18377
    0.927526    -0.735772     -1.21258
    0.954445    -0.753802     -1.25456
   -0.586318     0.501744     -1.33796
   -0.559608     0.478664     -1.31215
   -0.534072     0.457088     -1.28378
   -0.508377     0.434923     -1.25672
   -0.482461     0.413267     -1.22968
   -0.457506       0.3921     -1.20628
   -0.432609     0.371435     -1.18644
   -0.408173     0.351136     -1.16989
   -0.383444     0.330996     -1.15496
   -0.359222     0.311483      -1.1412
   -0.334992      0.29141     -1.12581
   -0.310605     0.271531     -1.11015
   -0.286482      0.25105     -1.09196
   -0.262283     0.230901     -1.07342
     -0.2382     0.210708     -1.05559
    -0.21405     0.190878     -1.03825
   -0.190338     0.170994     -1.02216
   -0.166666     0.151567     -1.00865
   -0.143071     0.132708     -1.00064
   -0.119748     0.114271    -0.996261
  -0.0963867    0.0963822    -0.996681
  -0.0736756    0.0792392     -1.00196
  -0.0495093     0.061529     -1.01437
  -0.0263255    0.0450247     -1.02963
 -0.00307687    0.0281547     -1.04065
   0.0202446   0.00932965       -1.036
   0.0434978   -0.0114516     -1.01005
   0.0667294   -0.0327605    -0.971496
   0.0895199   -0.0530607    -0.941201
    0.111803   -0.0732203    -0.919749
    0.134516    -0.092914    -0.895768
    0.156809    -0.113169    -0.864167
    0.178946    -0.133494    -0.832527
    0.201211    -0.152397     -0.81029
    0.223145    -0.171184    -0.793583
    0.245263    -0.189364    -0.784008
    0.267914    -0.206725    -0.788348
     0.29105    -0.223515    -0.804844
     0.31444     -0.23936    -0.833188
     0.33935    -0.254688    -0.887758
    0.366065    -0.268787    -0.946815
    0.388936    -0.285982    -0.968212
     0.41187    -0.303934    -0.972151
    0.434957    -0.321757    -0.975375
    0.457705    -0.339683    -0.978416
    0.480002    -0.357683     -0.97611
    0.502337    -0.376027    -0.970908
    0.525107    -0.393818    -0.975801
     0.54833    -0.411308    -0.992299
    0.575912    -0.427125     -1.05096
    0.604745    -0.443014     -1.10773
    0.621328    -0.463033     -1.06199
    0.641331    -0.482255     -1.03263
    0.663515    -0.499895     -1.03036
    0.686049    -0.517459     -1.03949
    0.712148    -0.535056     -1.07715
    0.740937    -0.552184      -1.1347
    0.765181    -0.569504     -1.15569
    0.785974    -0.587761     -1.14907
    0.806993    -0.605777     -1.14111
    0.829033    -0.623578     -1.13933
    0.850752    -0.641472     -1.14106
    0.873123    -0.659318     -1.14772
    0.895869    -0.677063      -1.1595
    0.919899     -0.69509     -1.17953
    0.944789    -0.712862     -1.20779
     0.97192    -0.730697      -1.2501
   -0.567082     0.524838     -1.32964
   -0.540548     0.501224     -1.30135
   -0.514805     0.479998     -1.27362
   -0.489127     0.457667     -1.24579
   -0.463593     0.435902      -1.2196
   -0.438818     0.414899      -1.1974
   -0.414053     0.394141     -1.17812
   -0.389542     0.373851     -1.16188
   -0.364884     0.353728     -1.14699
   -0.340747     0.334203     -1.13345
    -0.31665     0.314053     -1.11844
   -0.292342      0.29426     -1.10368
   -0.268078     0.274166     -1.08675
   -0.244038       0.2544     -1.07035
   -0.220138     0.234303     -1.05435
   -0.196173     0.214148     -1.03749
   -0.172375     0.194276     -1.02086
   -0.148599     0.174776     -1.00641
    -0.12504      0.15572    -0.997414
   -0.101628     0.137402    -0.992549
  -0.0783365     0.119454    -0.991437
  -0.0556174     0.101892    -0.994007
  -0.0313452    0.0839833     -1.00289
 -0.00806526    0.0669977     -1.00997
    0.014947    0.0488053     -1.00886
   0.0380205    0.0288007    -0.992848
   0.0612076   0.00818594    -0.965916
   0.0841358   -0.0121829    -0.937089
     0.10685   -0.0321114    -0.912663
    0.129355   -0.0523698     -0.88912
    0.151617   -0.0724413      -0.8622
    0.173901   -0.0924197    -0.832719
    0.196126    -0.112185    -0.806714
     0.21815    -0.131361    -0.786511
     0.24003    -0.150075    -0.771658
    0.262036    -0.167985    -0.764233
    0.284565    -0.185742    -0.768118
    0.307509    -0.202386    -0.781158
    0.330648    -0.218832    -0.802822
    0.354508    -0.234576    -0.841206
    0.381192    -0.248303    -0.904202
    0.406552    -0.263175    -0.954875
    0.430108    -0.280491    -0.971177
    0.453275    -0.298331    -0.978379
    0.476059    -0.316351    -0.983026
    0.498425    -0.334467    -0.980703
    0.520207    -0.352996    -0.969559
    0.542619    -0.370961    -0.969018
    0.566165    -0.388486    -0.988419
    0.594044     -0.40462     -1.04971
    0.622478    -0.420108     -1.10471
    0.639119    -0.440173     -1.06101
    0.659094    -0.459201     -1.03023
    0.681199    -0.476913     -1.02783
    0.703467    -0.494849      -1.0366
    0.729612    -0.512299     -1.07246
    0.758721    -0.529014     -1.13046
     0.78319    -0.546421     -1.15503
    0.804331    -0.564557     -1.14995
    0.824968    -0.582693     -1.14109
    0.846674    -0.600906     -1.13856
    0.868371    -0.618832     -1.13973
    0.891004    -0.636301     -1.14628
    0.913881    -0.653988     -1.15816
    0.937756    -0.672134     -1.17829
    0.962849    -0.690035     -1.20691
    0.989808    -0.707589     -1.24901
   -0.548166     0.548479     -1.32584
   -0.521633     0.524376     -1.29402
   -0.495929     0.503102     -1.26621
   -0.470292     0.480803     -1.23841
   -0.444943     0.458779     -1.21223
   -0.420109      0.43789     -1.19064
   -0.395442     0.417368     -1.17241
   -0.370945     0.397186     -1.15654
    -0.34636     0.376959     -1.14162
   -0.322392     0.357385     -1.12848
    -0.29825     0.337328     -1.11393
   -0.274097     0.317605     -1.09981
   -0.249853     0.297434     -1.08311
   -0.225884     0.277654     -1.06762
   -0.202039     0.257703     -1.05269
   -0.178075     0.237647     -1.03628
   -0.154256     0.217723     -1.01926
   -0.130737     0.197864     -1.00439
   -0.106996     0.178825    -0.994138
   -0.083661     0.160311    -0.988356
  -0.0604613     0.141919    -0.985899
  -0.0377232     0.124418    -0.987041
  -0.0133416     0.106421    -0.993939
  0.00994054    0.0893308    -0.997996
   0.0327853    0.0705375    -0.993009
   0.0558657    0.0506744    -0.975522
    0.078981    0.0302154    -0.950733
    0.101791   0.00991736     -0.92512
    0.124433   -0.0098633     -0.90247
    0.147128    -0.030012    -0.877678
    0.169106   -0.0505239    -0.848498
    0.191198   -0.0707532    -0.819438
    0.213236   -0.0904916    -0.795125
    0.235272    -0.109565    -0.775791
    0.257158    -0.128259    -0.761606
    0.279152    -0.146066    -0.755536
    0.301659    -0.163743    -0.759209
    0.324488     -0.18057    -0.770311
    0.347583     -0.19699    -0.790475
    0.371324    -0.212697      -0.8255
    0.397618    -0.226776    -0.886202
     0.42394    -0.240676    -0.946244
    0.447887     -0.25767    -0.967372
    0.470889    -0.275574    -0.975124
    0.493944    -0.293239    -0.979365
    0.516269    -0.311452    -0.976576
    0.537771    -0.330227     -0.96583
    0.560122    -0.348256    -0.966058
     0.58413    -0.365247    -0.986076
    0.610608     -0.38222     -1.03975
    0.639539    -0.396866     -1.09423
    0.657176    -0.417249     -1.05843
    0.676975    -0.436205     -1.02869
    0.698945    -0.454145     -1.02539
    0.721224    -0.471811     -1.03376
      0.7474    -0.489305     -1.06941
    0.776563    -0.505762     -1.12615
     0.80121    -0.523349     -1.15437
    0.822894    -0.541469     -1.15449
    0.843856    -0.559455      -1.1468
     0.86539    -0.577694     -1.14328
    0.886829    -0.595625     -1.14271
    0.909148    -0.613328     -1.14792
    0.932105    -0.630987     -1.15961
    0.955953    -0.649085     -1.17951
    0.981015    -0.667078     -1.20841
     1.00826    -0.684607     -1.25043
   -0.551243     0.587084     -1.29709
   -0.529431     0.572475     -1.31923
   -0.502701      0.54796     -1.28946
   -0.477469     0.526573     -1.26214
   -0.451913     0.504182     -1.23463
   -0.426329     0.482364     -1.20841
   -0.401531     0.461578     -1.18694
    -0.37705      0.44087     -1.16911
   -0.352506     0.420713     -1.15307
   -0.327913     0.400497     -1.13836
   -0.304088     0.381061     -1.12601
   -0.279875      0.36091     -1.11131
   -0.255832     0.340854     -1.09679
   -0.231715     0.320861     -1.08094
   -0.207829     0.301039     -1.06575
   -0.183988     0.280916     -1.05038
   -0.159973     0.260848     -1.03386
   -0.136186     0.240988     -1.01741
   -0.112636     0.221505     -1.00336
  -0.0889988     0.201912    -0.992144
  -0.0656908     0.183283     -0.98544
  -0.0424624     0.165031     -0.98344
  -0.0197293     0.147548    -0.985028
  0.00461402     0.129461    -0.991285
   0.0276462     0.112028    -0.995239
   0.0507314    0.0935698    -0.989994
   0.0737067     0.073749    -0.973287
   0.0968646    0.0532204    -0.948902
    0.119678    0.0329117    -0.923881
    0.142146    0.0132043    -0.902886
    0.164753  -0.00678764    -0.880162
    0.186717   -0.0276824    -0.851359
    0.208777   -0.0480932    -0.820953
    0.230477   -0.0681406    -0.794475
    0.252515   -0.0872918    -0.774911
    0.274621    -0.105675     -0.76134
    0.296389    -0.123636    -0.755653
    0.319062    -0.141214    -0.759625
    0.341799    -0.158247    -0.771008
    0.365109    -0.174444    -0.791239
     0.38875    -0.190229    -0.829989
    0.416043    -0.203416    -0.894577
    0.441429    -0.217939    -0.944011
    0.464712     -0.23563    -0.958201
    0.487852    -0.253231    -0.963768
    0.510751    -0.271054    -0.967353
    0.532968    -0.289269    -0.965247
    0.554942    -0.307707    -0.960174
    0.578112    -0.325386     -0.96573
    0.601797     -0.34257    -0.983336
    0.627641    -0.359216     -1.02703
    0.657943    -0.373353     -1.09222
    0.675382    -0.394119     -1.06213
    0.694857    -0.413254     -1.02963
    0.716911    -0.431176     -1.02474
     0.73929    -0.448633      -1.0324
    0.764855    -0.466401     -1.06489
    0.793575    -0.482711     -1.11868
    0.819186    -0.500238     -1.15266
    0.841787    -0.518332     -1.16061
     0.86307    -0.536308     -1.15615
    0.884681    -0.554398     -1.15223
    0.906058    -0.572563     -1.15097
    0.928099    -0.590393     -1.15481
    0.950786    -0.608215     -1.16517
    0.974759    -0.625993     -1.18471
    0.999905    -0.644126     -1.21364
      1.0267    -0.661841     -1.25388
   -0.510431     0.596471     -1.31346
   -0.484232     0.571876     -1.28762
    -0.45908     0.550887     -1.26145
   -0.433284     0.528367     -1.23353
   -0.408031     0.506112     -1.20682
   -0.383178     0.485276     -1.18524
   -0.358817     0.464404     -1.16727
    -0.33441     0.444105     -1.15118
   -0.309725     0.424087     -1.13652
   -0.285879     0.404368     -1.12357
   -0.261696     0.384296      -1.1087
   -0.237566     0.364383     -1.09447
   -0.213576     0.344276     -1.07917
   -0.189708     0.324539     -1.06427
   -0.165794     0.304372     -1.04866
   -0.141825     0.284273     -1.03217
   -0.118247     0.264258     -1.01604
  -0.0946591      0.24486     -1.00295
  -0.0710991     0.225648    -0.993275
  -0.0478328     0.206862    -0.987526
  -0.0245995     0.188983    -0.987291
  -0.0017714     0.171521    -0.989966
   0.0224942     0.153385    -0.996832
   0.0458082     0.136137     -1.00252
   0.0688071      0.11797    -0.999767
   0.0919924    0.0984297     -0.98548
    0.114931    0.0776238    -0.962213
    0.137872    0.0572527    -0.936741
    0.160283     0.037448    -0.916579
    0.182936    0.0180626    -0.898082
     0.20523  -0.00247882    -0.873212
    0.226839   -0.0234469    -0.839992
    0.248573   -0.0443191     -0.80711
    0.270633   -0.0637179    -0.784911
     0.29229   -0.0825705    -0.770272
    0.314137    -0.100687    -0.763634
    0.336733    -0.118183    -0.767873
    0.359845    -0.134884    -0.780615
    0.382628    -0.151224    -0.805594
     0.40933    -0.164746    -0.866088
    0.435989    -0.177788    -0.928406
    0.459514    -0.194615    -0.952392
    0.482526    -0.212643    -0.957703
    0.505104    -0.230818    -0.959245
    0.527955    -0.248765     -0.96037
    0.550323    -0.266714    -0.959173
    0.572977     -0.28472    -0.960295
    0.596436    -0.301947    -0.969668
    0.619727    -0.319567    -0.982596
     0.64282    -0.337729     -1.00665
    0.677229    -0.349868     -1.09643
    0.694539    -0.370482     -1.07338
    0.713098    -0.390105     -1.03435
    0.734842    -0.408582     -1.02775
    0.757225    -0.426117     -1.03483
    0.782631    -0.443558     -1.06471
    0.811103     -0.45966     -1.11436
    0.837185    -0.477118      -1.1518
    0.860901    -0.494836     -1.16678
    0.882885    -0.512725     -1.16712
    0.904169    -0.531143     -1.16388
    0.925461    -0.549528     -1.16224
    0.947404    -0.567346     -1.16482
    0.970203    -0.585024     -1.17428
    0.994116    -0.602877     -1.19332
     1.01928    -0.620938      -1.2219
     1.04618    -0.638595     -1.26019
   -0.491958     0.619843     -1.31358
   -0.465673     0.596342     -1.28812
    -0.44041     0.575259     -1.26174
   -0.414895     0.552559     -1.23389
   -0.389677     0.530288     -1.20706
   -0.364913     0.509088     -1.18474
   -0.340449     0.488567     -1.16672
   -0.315961     0.468222     -1.15051
   -0.291514     0.447788     -1.13528
   -0.267551     0.427868     -1.12138
   -0.243411     0.407777     -1.10663
   -0.219339     0.387988     -1.09324
   -0.195431     0.367909     -1.07831
   -0.171622     0.347957     -1.06274
   -0.147728     0.327684     -1.04641
   -0.123886     0.307331     -1.02974
   -0.100265     0.287508     -1.01377
  -0.0766636     0.268102     -1.00108
  -0.0531462     0.249091    -0.993741
  -0.0298567     0.230855     -0.99066
 -0.00647583      0.21312    -0.991802
   0.0164355     0.195789    -0.996273
   0.0404842     0.178218     -1.00598
   0.0640409     0.161243     -1.01682
   0.0873741     0.144205     -1.02379
    0.110473     0.125364     -1.02214
    0.133656     0.105483     -1.00702
    0.156609    0.0843991    -0.979316
    0.178945    0.0635456    -0.952281
    0.201678    0.0443043      -0.9333
    0.224262    0.0244527    -0.914365
    0.246208   0.00393543    -0.884624
     0.26754   -0.0182222    -0.845448
    0.288974   -0.0388058    -0.814882
    0.310522   -0.0582328    -0.794364
    0.332415   -0.0768885    -0.783017
    0.355105   -0.0939491    -0.786245
     0.37827    -0.110931    -0.802631
    0.402292    -0.126165    -0.843274
    0.430928     -0.13756    -0.918495
    0.454925    -0.153132    -0.958116
    0.478657    -0.170567    -0.969271
    0.501553    -0.188447    -0.970904
    0.523958    -0.207004    -0.968902
    0.546447    -0.225181    -0.966869
    0.568565    -0.243428    -0.965242
    0.591455    -0.261452    -0.967395
    0.614756     -0.27898    -0.977532
    0.638492    -0.295761    -0.989213
    0.660575    -0.314519     -1.00461
    0.695986    -0.326459     -1.10023
    0.714014    -0.346478     -1.08417
    0.732411    -0.366427     -1.04372
    0.753858    -0.384846     -1.03655
    0.776095    -0.402874     -1.04363
    0.801394     -0.42035     -1.07227
    0.829304    -0.436789     -1.11712
    0.855559     -0.45371     -1.15384
    0.879679    -0.471531     -1.17304
    0.902247    -0.489454     -1.17796
    0.923904     -0.50773     -1.17668
    0.945327    -0.526141     -1.17522
      0.9671    -0.544222     -1.17699
    0.989719    -0.562055     -1.18628
     1.01369    -0.579805     -1.20508
     1.03917    -0.597668     -1.23345
     1.06622    -0.615043     -1.27046
   -0.473107     0.645242     -1.31817
   -0.447335     0.621929     -1.29173
   -0.422086     0.600004     -1.26443
   -0.396711      0.57713     -1.23639
   -0.371344     0.555014     -1.20921
    -0.34662     0.533374       -1.186
   -0.322215     0.512348     -1.16701
   -0.297928     0.492038     -1.15063
   -0.273294     0.471518     -1.13525
   -0.249317     0.451979     -1.12195
    -0.22521      0.43165     -1.10698
    -0.20133     0.411786     -1.09387
   -0.177353     0.391775     -1.07897
     -0.1534     0.371479     -1.06182
   -0.129477     0.351108     -1.04406
   -0.105727     0.330534     -1.02634
  -0.0821481     0.310367     -1.00977
  -0.0586688     0.290961    -0.997518
  -0.0351702      0.27233    -0.991677
  -0.0118355     0.254064    -0.989155
   0.0116072     0.236359    -0.990556
   0.0346094     0.219495    -0.997389
   0.0583815     0.202577     -1.01207
   0.0821872     0.186482      -1.0337
    0.105996     0.171653     -1.06071
     0.13001     0.156302     -1.08232
    0.153666      0.13851     -1.08549
     0.17697     0.118304      -1.0651
     0.19906    0.0948898      -1.0268
    0.221215    0.0729086    -0.992067
    0.243926    0.0528529    -0.970014
     0.26632    0.0331746    -0.949702
    0.288125    0.0123018     -0.92069
    0.309555  -0.00934398    -0.888875
    0.330741   -0.0305379    -0.856307
    0.351747   -0.0513711    -0.823927
    0.373838   -0.0692647     -0.81605
    0.397288   -0.0858766    -0.833932
    0.423017   -0.0999364    -0.881237
    0.450203    -0.111944    -0.945577
    0.474492    -0.128392    -0.980089
    0.499182    -0.144885    -0.997585
    0.521345    -0.163362    -0.995222
    0.543245    -0.182641    -0.989125
    0.565584    -0.201086    -0.984185
    0.587992    -0.219321    -0.980843
    0.610416    -0.237723    -0.980257
    0.633603    -0.255343     -0.98837
    0.657444    -0.272368     -1.00525
     0.68228    -0.289483     -1.03377
    0.712152    -0.304146      -1.0943
    0.732342    -0.323614     -1.08624
    0.751632    -0.343106     -1.05788
      0.7729    -0.361955     -1.05211
    0.795756    -0.379567     -1.06041
    0.821259    -0.396451     -1.08765
    0.848428     -0.41378     -1.12814
    0.874499     -0.43049     -1.16231
    0.899088    -0.447922     -1.18244
     0.92189    -0.466283     -1.19027
    0.943793    -0.484405     -1.19047
     0.96544     -0.50263     -1.18978
    0.987429    -0.520727     -1.19262
     1.01037    -0.538537     -1.20263
      1.0338    -0.556791     -1.22118
     1.05963    -0.574377      -1.2498
     1.08676    -0.592041      -1.2876
   -0.454868      0.66985     -1.32326
   -0.429065     0.647064     -1.29655
   -0.403811     0.624638     -1.26833
    -0.37858     0.601835     -1.24041
   -0.353237     0.579451     -1.21246
   -0.328436     0.557765     -1.18856
   -0.303869     0.536825     -1.16892
   -0.279659     0.516465     -1.15256
    -0.25509     0.495808     -1.13742
   -0.231108     0.476347     -1.12477
   -0.207149     0.455934     -1.11007
   -0.183199     0.436046     -1.09664
   -0.159136     0.415886     -1.08076
   -0.135362     0.395348     -1.06276
   -0.111302     0.374807     -1.04412
  -0.0875541     0.354074     -1.02529
  -0.0641755     0.333697     -1.00836
  -0.0406362     0.314136    -0.995639
  -0.0171718     0.295536    -0.989877
  0.00610361      0.27718    -0.987316
   0.0294573     0.259464    -0.988614
    0.052438     0.242376    -0.996402
   0.0761842     0.226213     -1.01548
    0.100262     0.211389     -1.05108
     0.12484     0.199561     -1.09435
    0.149329     0.185051     -1.12452
    0.172953     0.167289     -1.13329
    0.196504     0.147659      -1.1228
    0.219295     0.126279     -1.09695
     0.24169     0.103986     -1.06106
    0.264011    0.0823632     -1.03048
    0.286567    0.0616237     -1.00928
    0.308964    0.0418331    -0.992978
    0.331814    0.0228808     -0.97932
    0.354596   0.00398775     -0.96192
    0.374463   -0.0195739    -0.917276
    0.394223   -0.0425469     -0.87212
    0.417015   -0.0604395     -0.86877
    0.442031   -0.0756726    -0.900661
    0.466919   -0.0899681    -0.949113
    0.493642    -0.104209      -1.0005
    0.518961    -0.119595      -1.0276
    0.541034    -0.138677     -1.02209
    0.563147    -0.157948      -1.0126
    0.585116    -0.176875     -1.00503
    0.607421    -0.195154    -0.999422
    0.629977    -0.213245     -0.99644
    0.652817    -0.231483      -1.0023
    0.676412    -0.248991     -1.01976
    0.701778    -0.264831     -1.05053
    0.729104    -0.280915      -1.0903
     0.75247    -0.299487     -1.09771
    0.772361    -0.318748     -1.08196
    0.793808     -0.33736     -1.07646
    0.817092    -0.354967     -1.08723
    0.841946    -0.372471     -1.11325
    0.869145     -0.38976     -1.14814
    0.894826    -0.406387     -1.17781
    0.919017    -0.424304      -1.1958
    0.942124    -0.442315     -1.20424
    0.963811    -0.461076     -1.20648
    0.986144    -0.479168     -1.20854
     1.00836    -0.497155     -1.21295
     1.03128    -0.515173     -1.22332
      1.0552    -0.533133     -1.24216
     1.08108     -0.55104     -1.27231
   -0.436759     0.695459      -1.3308
   -0.411272     0.673082     -1.30533
   -0.385586     0.649829     -1.27441
   -0.360388     0.626882     -1.24593
   -0.335185     0.604475     -1.21784
   -0.310323     0.582419     -1.19287
   -0.285722     0.561259     -1.17259
   -0.261368     0.541071     -1.15632
   -0.236959     0.520433     -1.14164
   -0.213029     0.500732     -1.12914
   -0.188995     0.480592     -1.11469
   -0.164998     0.460552     -1.10042
   -0.141098     0.439934     -1.08344
    -0.11728     0.419206     -1.06494
  -0.0935461     0.398456     -1.04666
  -0.0696584     0.377827     -1.02795
  -0.0460777     0.357631     -1.01083
  -0.0225776     0.338087    -0.997623
 0.000867582     0.319015    -0.990037
   0.0240887     0.300697    -0.986793
   0.0474061     0.282745    -0.987905
   0.0704399     0.266068    -0.997311
   0.0943249      0.25031     -1.02087
    0.119137      0.23706     -1.06539
    0.142975     0.224622     -1.10976
    0.167679     0.209566     -1.13667
     0.19154     0.192037     -1.14775
    0.215161     0.172957       -1.142
    0.238264     0.152457     -1.12483
    0.261225     0.131547     -1.10173
    0.283676     0.110307     -1.07549
    0.306601    0.0899676     -1.05566
    0.329363    0.0700833     -1.04073
    0.352125    0.0506796     -1.03043
    0.375151    0.0317894      -1.0251
    0.398442    0.0135831     -1.01682
    0.419464  -0.00775399     -0.98534
    0.440433   -0.0290971    -0.961849
    0.463525   -0.0473087    -0.967599
    0.488147   -0.0636025    -0.997038
    0.515498    -0.076499     -1.04287
    0.538701   -0.0944601     -1.05385
     0.56079    -0.113946     -1.04545
    0.582932    -0.133088     -1.03604
    0.605506    -0.151676     -1.02763
    0.627539    -0.170377     -1.02055
    0.649267     -0.18938     -1.01687
    0.672491    -0.207443     -1.02122
    0.696257    -0.224616     -1.03577
    0.722032    -0.240858     -1.06653
    0.749581    -0.256773     -1.10893
    0.773468    -0.274597     -1.12735
    0.794242    -0.293683     -1.11566
    0.815428     -0.31279     -1.11053
    0.839971    -0.330206     -1.12412
     0.86484    -0.347088     -1.14724
    0.890506    -0.365102     -1.17378
    0.915363    -0.382798     -1.19727
    0.939367    -0.400418     -1.21273
    0.962505     -0.41855     -1.22163
    0.984705    -0.437048     -1.22632
     1.00752    -0.455223     -1.23138
     1.03009    -0.473398      -1.2374
     1.05317    -0.491404     -1.24811
     1.07719    -0.509315     -1.26789
     1.10376    -0.526913     -1.30502
   -0.393423     0.699455     -1.31663
   -0.367424     0.675503     -1.28321
   -0.342227     0.652496     -1.25385
   -0.316974      0.62992     -1.22516
   -0.292193     0.607616     -1.19959
    -0.26768     0.586309     -1.17864
   -0.243385     0.565887     -1.16187
   -0.218854     0.545007     -1.14655
   -0.194999     0.525465      -1.1341
    -0.17099      0.50497     -1.11924
   -0.146956     0.484823     -1.10458
   -0.122988     0.464276     -1.08792
  -0.0990903     0.443883     -1.07016
   -0.075471     0.423018     -1.05222
  -0.0515115      0.40229     -1.03308
  -0.0280887     0.381855     -1.01556
 -0.00478348     0.361852     -1.00152
   0.0187626     0.342746     -0.99252
   0.0420365     0.324085    -0.987466
   0.0652652     0.305826    -0.987217
   0.0885011      0.28957    -0.997824
    0.112424     0.274543     -1.02586
    0.137757      0.26195     -1.07281
    0.161632      0.24911     -1.11215
    0.186003     0.233346     -1.13777
    0.210572     0.217984     -1.15785
    0.233867     0.198357     -1.15289
    0.256836     0.176795     -1.13286
    0.280188     0.157371     -1.11967
    0.303146     0.136805     -1.10114
    0.326008      0.11643     -1.08436
     0.34893     0.096661     -1.07139
    0.371784    0.0771157     -1.06081
    0.394566    0.0577804     -1.05236
     0.41779    0.0389181     -1.04899
    0.441202    0.0208082     -1.04901
    0.464994   0.00340128     -1.05394
    0.488394   -0.0145841     -1.05782
    0.511851   -0.0332129     -1.06521
    0.535547   -0.0510252     -1.07471
    0.558342   -0.0696282     -1.07255
    0.580565   -0.0889134     -1.06526
    0.603128    -0.107747     -1.05793
     0.62547    -0.126737     -1.05014
    0.647408    -0.145812     -1.04302
    0.669551     -0.16449     -1.04003
    0.692427    -0.182987     -1.04479
    0.716495    -0.200218     -1.05809
    0.741598    -0.216698     -1.08403
    0.768855    -0.233023     -1.12568
    0.794877    -0.249706      -1.1536
    0.816228    -0.268781     -1.15019
     0.83872    -0.287227     -1.14962
    0.862771    -0.304954     -1.16103
    0.886893    -0.322536     -1.17727
    0.911338    -0.340519     -1.19633
    0.936125    -0.358729     -1.21569
    0.960085    -0.376342     -1.23031
    0.983309    -0.394701     -1.24089
     1.00619    -0.412864     -1.24869
     1.02944    -0.431143     -1.25718
     1.05193    -0.449709     -1.26557
     1.07562    -0.467696     -1.27983
     1.10076    -0.485371     -1.30675
   -0.375431      0.72655     -1.32973
   -0.349267     0.701993     -1.29496
   -0.324149     0.678942     -1.26516
   -0.299057     0.655802     -1.23489
   -0.273928     0.633326     -1.20754
   -0.249427     0.611453     -1.18533
   -0.225369     0.590805     -1.16786
   -0.200727      0.56974     -1.15146
   -0.176863     0.549894     -1.13832
   -0.152831     0.529455     -1.12376
   -0.128645     0.509752     -1.11001
   -0.104761     0.489291     -1.09463
  -0.0809803     0.468717     -1.07789
  -0.0573487     0.448345     -1.06081
  -0.0335297      0.42692     -1.04092
  -0.0100706       0.4064     -1.02297
    0.013333     0.386289     -1.00793
   0.0368113     0.366975    -0.998098
   0.0601543     0.348304    -0.992418
   0.0834524     0.329962    -0.990263
    0.106749     0.313622    -0.999928
    0.130536     0.298923     -1.02946
     0.15585     0.285629     -1.07316
    0.179725     0.271985      -1.1074
    0.204163     0.256286     -1.13223
    0.228817     0.240978     -1.15225
    0.252192     0.221728      -1.1486
     0.27523     0.200266      -1.1307
    0.298886     0.181727     -1.12459
    0.322315     0.162632     -1.11677
    0.345136     0.142159     -1.10278
    0.367886     0.121712     -1.08896
    0.390942     0.102566     -1.07801
    0.413732    0.0830205     -1.06834
    0.436649    0.0635465     -1.06114
    0.459854    0.0450507     -1.05832
    0.483234    0.0268762     -1.06145
    0.506684   0.00898338      -1.0683
    0.530973  -0.00853023     -1.07763
     0.55461   -0.0266402     -1.08487
    0.577707   -0.0450213     -1.08681
    0.600223    -0.064036     -1.08324
    0.622963   -0.0827912     -1.07835
    0.645415    -0.101868     -1.07247
    0.667774    -0.120705     -1.06656
    0.690073    -0.139479      -1.0641
    0.713179    -0.157822     -1.06939
     0.73741    -0.174935     -1.08375
    0.762413    -0.192069     -1.10717
    0.788996    -0.208385     -1.14148
     0.81433    -0.225378     -1.16647
    0.837293    -0.244181     -1.17317
    0.860352    -0.262299     -1.17831
    0.883869    -0.280406     -1.18693
    0.907793    -0.298295     -1.19934
    0.931491    -0.316317     -1.21407
    0.956627    -0.334557     -1.23164
    0.980644    -0.352183     -1.24667
     1.00438    -0.370427        -1.26
     1.02786    -0.388608     -1.27182
       1.052    -0.406519     -1.28563
     1.07574    -0.424634     -1.30042
     1.10033    -0.442957     -1.32362
     1.12794    -0.460595      -1.3678
   -0.331462     0.728102     -1.30811
   -0.306056      0.70557      -1.2776
   -0.280946     0.681888     -1.24497
   -0.255877     0.658436     -1.21516
   -0.231288     0.636641     -1.19208
   -0.207059      0.61623      -1.1747
   -0.182469     0.594938     -1.15786
   -0.158573     0.574844     -1.14439
   -0.134598     0.554609     -1.13056
   -0.110524     0.534755     -1.11709
  -0.0866895     0.514211     -1.10241
  -0.0629393     0.493636     -1.08622
  -0.0392738     0.473193     -1.06981
  -0.0153569     0.452276     -1.05125
  0.00812692     0.431682     -1.03361
   0.0315573      0.41156     -1.01812
   0.0549498     0.391845      -1.0072
    0.078371      0.37312     -1.00075
    0.101488     0.354241    -0.995602
    0.124685     0.336957     -1.00301
    0.148667     0.323086     -1.03154
     0.17399     0.308645     -1.06844
    0.197717     0.294738     -1.09837
    0.222354     0.279449     -1.12243
    0.246372     0.262296     -1.13684
     0.27013     0.244029     -1.13684
    0.293363     0.223669     -1.12552
    0.316923      0.20482     -1.12211
    0.340961     0.187002     -1.12303
    0.364055     0.167578     -1.11716
    0.386758     0.146924     -1.10476
    0.409559     0.126993     -1.09113
    0.432658     0.107842     -1.07971
    0.455347    0.0880556      -1.0704
    0.478593    0.0693279     -1.06459
     0.50144    0.0503744     -1.06357
    0.524893     0.032338     -1.06753
    0.548751    0.0144064     -1.07563
    0.572813  -0.00319818     -1.08578
    0.596517   -0.0210041     -1.09473
    0.619866   -0.0392673     -1.09881
    0.642829   -0.0578378     -1.09845
    0.665392   -0.0770558     -1.09525
    0.688231    -0.095456     -1.09147
    0.710855    -0.114147     -1.08939
     0.73354    -0.132861     -1.09252
    0.758302    -0.149778     -1.10517
    0.782402    -0.167536     -1.12472
    0.807688    -0.184936     -1.14997
    0.832817    -0.201754     -1.17036
    0.856642    -0.220021     -1.18328
    0.880835    -0.237796     -1.19458
    0.904243    -0.256186     -1.20489
    0.928306    -0.273977     -1.21695
    0.951662    -0.292241     -1.23029
     0.97699    -0.310548     -1.24755
     1.00133    -0.327853     -1.26417
     1.02581    -0.345799       -1.281
     1.04995    -0.363965     -1.29741
     1.07493    -0.381675     -1.31769
     1.10055    -0.399586     -1.34431
     1.12795    -0.417429     -1.38444
   -0.313288      0.75508     -1.32243
   -0.287954     0.732013     -1.28905
   -0.262857     0.707585     -1.25494
   -0.237824      0.68413     -1.22434
    -0.21323      0.66185     -1.20027
   -0.188923     0.641526     -1.18301
   -0.164358     0.620309     -1.16658
   -0.140398     0.600256     -1.15332
   -0.116544     0.579939     -1.13987
  -0.0925234     0.559784     -1.12597
  -0.0685392     0.539457     -1.11175
  -0.0447353     0.519146     -1.09632
  -0.0210868     0.498682      -1.0803
  0.00277791     0.477619     -1.06264
    0.026217     0.457157     -1.04605
   0.0497672     0.437041      -1.0308
   0.0730904     0.417135     -1.01881
    0.096512     0.397901     -1.01067
    0.119746     0.378752     -1.00308
    0.142938     0.360931     -1.00714
    0.166576      0.34645     -1.03093
     0.19212     0.331395     -1.06168
     0.21577     0.317067     -1.08754
    0.240786     0.302564     -1.11301
    0.264522     0.285198     -1.12736
    0.288416     0.266946     -1.12875
    0.311886     0.247343     -1.12093
    0.335308     0.228491     -1.11855
    0.359083      0.21057     -1.12427
    0.382679     0.192113     -1.12613
    0.406482     0.173159     -1.12092
    0.428845     0.152573     -1.10726
    0.451543     0.132546      -1.0918
     0.47413     0.112524     -1.07963
    0.497146     0.093317     -1.07181
    0.519846    0.0741318     -1.06751
     0.54309    0.0558244     -1.06862
    0.566975     0.037917     -1.07443
    0.590755    0.0199739     -1.08361
    0.614795   0.00260269     -1.09493
     0.63914   -0.0146887     -1.10632
    0.662803   -0.0325547     -1.11444
    0.685939   -0.0514448     -1.11716
    0.708779   -0.0700654     -1.11585
    0.731161   -0.0894251     -1.11427
     0.75398     -0.10772     -1.11575
    0.777912    -0.125745     -1.12476
    0.802305    -0.143132     -1.14017
    0.827184    -0.160541     -1.16034
    0.851886    -0.178161     -1.17844
    0.876134     -0.19596     -1.19273
    0.900825    -0.213591      -1.2071
    0.924703     -0.23167     -1.21991
    0.948844    -0.249495     -1.23303
    0.972374    -0.267577     -1.24692
    0.997835     -0.28607      -1.2655
     1.02273    -0.303291     -1.28573
     1.04787    -0.320995     -1.30674
     1.07313    -0.338868     -1.33016
     1.09976    -0.356238     -1.36029
      1.1281    -0.373677     -1.40116
   -0.269973     0.758745     -1.30331
   -0.244709     0.734312     -1.26849
   -0.219488     0.710467      -1.2366
   -0.194882     0.688458     -1.21192
   -0.170752     0.667506     -1.19409
   -0.146349      0.64639     -1.17814
   -0.122351     0.626008     -1.16459
  -0.0982842     0.605897     -1.15117
  -0.0743054     0.585556     -1.13683
  -0.0502308      0.56535     -1.12262
  -0.0265586     0.544717     -1.10761
 -0.00279598      0.52443     -1.09242
   0.0209225     0.503267      -1.0755
   0.0444336      0.48277     -1.05965
   0.0680038     0.462813     -1.04536
   0.0913764      0.44277     -1.03241
    0.114746     0.423026     -1.02263
    0.138116     0.404298     -1.01545
    0.161233      0.38571     -1.01441
    0.184689     0.369841     -1.03022
    0.210266     0.354751     -1.05746
    0.233835     0.339785     -1.07919
    0.258713     0.325253     -1.10439
    0.282925      0.30887     -1.12382
    0.306849     0.290556     -1.12682
    0.330033     0.270984     -1.12002
    0.353539     0.251938     -1.11776
    0.377638     0.234549     -1.12608
    0.401903     0.217159     -1.13243
      0.4255     0.198174     -1.13263
    0.448417     0.178638     -1.12431
    0.471015     0.158274     -1.10747
    0.493199     0.137413     -1.09081
    0.515799     0.117603     -1.08015
    0.538835    0.0986224     -1.07345
    0.561795    0.0799842     -1.07203
    0.585345    0.0617585     -1.07633
    0.609106    0.0436324     -1.08442
    0.633116    0.0262313     -1.09455
     0.65736   0.00895938     -1.10719
    0.681617  -0.00857233     -1.12163
    0.706111   -0.0261028     -1.13388
    0.729435   -0.0445949     -1.13927
    0.752419   -0.0632988     -1.14103
    0.775595   -0.0816876      -1.1437
    0.799023    -0.100346      -1.1504
    0.823014    -0.118109      -1.1615
    0.847423    -0.135872      -1.1759
    0.872076    -0.153416     -1.19087
    0.896077    -0.171347     -1.20428
    0.920404    -0.189501     -1.21877
    0.944913    -0.207084     -1.23385
    0.969388    -0.225034     -1.25002
    0.994002    -0.242479     -1.26742
     1.01937    -0.260915     -1.28916
     1.04509    -0.278467     -1.31487
     1.07117    -0.295824     -1.34202
     1.09809    -0.313574     -1.37465
      1.1267    -0.330345     -1.41381
   -0.251878     0.786923      -1.3232
   -0.226597     0.762224     -1.28744
   -0.201509     0.737612     -1.25338
    -0.17684      0.71527     -1.22701
    -0.15257     0.693887     -1.20792
   -0.128214     0.672965     -1.19199
   -0.104017     0.652398     -1.17762
  -0.0801147     0.632051     -1.16411
  -0.0560479     0.611414     -1.14843
  -0.0319882     0.590774     -1.13313
 -0.00824344      0.57046     -1.11882
   0.0153797     0.550224     -1.10555
   0.0392605     0.529594     -1.09053
   0.0628926     0.509099     -1.07553
    0.086316     0.488937     -1.06153
    0.109695     0.468729     -1.04765
    0.133215     0.448713     -1.03586
    0.156476     0.429701     -1.02808
    0.179637     0.410897     -1.02384
    0.202886     0.393818      -1.0329
    0.228544     0.378775     -1.05691
    0.251968     0.362621     -1.07561
    0.276285     0.347767     -1.10087
    0.301528     0.332924      -1.1235
    0.325079     0.314368     -1.12748
    0.348708     0.295414     -1.12339
    0.372017     0.276112     -1.12099
    0.396444     0.259065     -1.13057
    0.420379     0.241553     -1.13959
    0.444415      0.22281     -1.14137
    0.467728     0.204057     -1.13745
    0.490403     0.183842     -1.12329
    0.512465     0.162587     -1.10363
    0.534932     0.142424     -1.09043
    0.557637     0.123032     -1.08204
    0.580773     0.104369     -1.07934
     0.60388    0.0857781     -1.08224
    0.627817    0.0676758     -1.08951
    0.651772    0.0501635      -1.0989
    0.675903    0.0326412     -1.11073
    0.700209     0.015207     -1.12594
    0.725442  -0.00179215     -1.14388
    0.749783   -0.0192929      -1.1573
    0.773647   -0.0373865     -1.16564
    0.796942   -0.0560065      -1.1714
     0.82026   -0.0746334     -1.17756
    0.844184   -0.0927667     -1.18641
     0.86786    -0.111028     -1.19586
    0.892275    -0.128742     -1.20706
    0.916238    -0.146623     -1.21869
    0.940801    -0.164732     -1.23447
    0.965878    -0.182209     -1.25305
    0.991182    -0.199665     -1.27333
     1.01668    -0.217173     -1.29643
      1.0424    -0.234947     -1.32304
     1.07007    -0.252399     -1.35553
     1.09694     -0.26968     -1.38936
     1.12512    -0.286807     -1.42755
   -0.208546     0.791279     -1.31196
   -0.183582     0.765509     -1.27494
    -0.15874     0.743023     -1.24681
   -0.134267     0.721439     -1.22631
   -0.110075     0.700256     -1.20905
  -0.0858313     0.678835     -1.19274
  -0.0618615      0.65874     -1.17928
  -0.0376813     0.637871     -1.16241
  -0.0136979     0.616719      -1.1459
   0.0101073     0.596268     -1.13159
   0.0338101     0.576559     -1.12043
   0.0576411     0.556338     -1.10805
     0.08138      0.53596     -1.09442
    0.104799     0.515589     -1.07993
    0.128108     0.494865      -1.0639
    0.151671     0.474508      -1.0495
    0.174821     0.454754     -1.03867
    0.198034     0.435381     -1.03166
    0.221346     0.418391     -1.03789
     0.24673     0.402713     -1.05892
    0.270237     0.386474     -1.07673
    0.294737     0.371748     -1.10011
    0.319988     0.356629      -1.1234
     0.34391     0.339123     -1.13206
    0.367323     0.320175     -1.13119
    0.390664     0.300867     -1.12876
    0.415257     0.283961     -1.13876
    0.439402     0.266536     -1.14857
    0.463157     0.247586     -1.15034
    0.486675     0.228668     -1.14704
    0.509613     0.209016     -1.13543
    0.532057     0.188184     -1.11649
    0.554381     0.167724     -1.10253
    0.576884     0.147986     -1.09329
    0.599828     0.128968     -1.08946
    0.622915     0.110405     -1.09149
     0.64685    0.0920416     -1.09827
    0.670779    0.0746166     -1.10742
    0.695133    0.0572822     -1.11947
    0.719439    0.0397894     -1.13405
    0.744465    0.0225157     -1.15274
    0.769168    0.0050218     -1.17022
    0.793697   -0.0125423     -1.18435
    0.817985    -0.030323     -1.19504
    0.841588   -0.0487659     -1.20354
    0.865831   -0.0669676     -1.21348
    0.889783   -0.0849225       -1.222
    0.913365    -0.103477     -1.23132
    0.937256     -0.12176     -1.24276
    0.962553    -0.139299     -1.26077
    0.988107     -0.15682     -1.28336
     1.01412    -0.174093     -1.30801
     1.04063    -0.191194     -1.33676
     1.06747    -0.208222     -1.36791
     1.09594    -0.225616     -1.40387
     1.12373    -0.242525     -1.44225
   -0.165477     0.795773     -1.30401
   -0.140686     0.771898     -1.27219
   -0.116063     0.749841     -1.24928
  -0.0920028     0.728337     -1.23069
  -0.0674251     0.706364     -1.21198
  -0.0433349     0.686163     -1.19797
  -0.0193358     0.665173     -1.18163
   0.0047211     0.644169     -1.16507
   0.0285921     0.623463     -1.15029
   0.0523437     0.603615     -1.13934
   0.0761373     0.583643     -1.12803
     0.10001     0.563171     -1.11496
     0.12343     0.542802     -1.10111
    0.146735     0.521764     -1.08377
    0.170191     0.500567     -1.06573
    0.193336     0.480043     -1.05099
    0.216413     0.460602     -1.04285
    0.239855     0.443248     -1.04776
    0.264914     0.427516     -1.06647
    0.289059     0.411289      -1.0843
    0.313307     0.396271     -1.10601
    0.338609      0.38175     -1.13078
     0.36299     0.364969     -1.14631
    0.386513     0.345918      -1.1448
    0.409715     0.326293     -1.14222
    0.434381     0.309359     -1.15154
    0.458708     0.292035     -1.16035
    0.482241     0.272903     -1.16128
    0.505847     0.253865     -1.15542
     0.52857     0.233774      -1.1431
     0.55084      0.21291     -1.12686
    0.573505      0.19248      -1.1144
    0.596014     0.172709     -1.10581
    0.619169     0.153933     -1.10199
     0.64231     0.135446     -1.10409
    0.666623      0.11726     -1.11132
    0.690299     0.099504     -1.12033
    0.714672    0.0820877     -1.13268
     0.73915    0.0646669     -1.14731
    0.764365    0.0477087     -1.16566
     0.78931     0.030366     -1.18433
    0.814144    0.0127645     -1.20162
    0.839073  -0.00452487     -1.21672
    0.863304   -0.0224579     -1.22921
    0.888109   -0.0404103     -1.24231
    0.912391   -0.0583795     -1.25386
    0.936201   -0.0769819     -1.26609
    0.960678   -0.0951741     -1.28158
    0.986548      -0.1124     -1.30324
     1.01291    -0.129807     -1.33027
     1.04007    -0.146516     -1.35917
     1.06759    -0.163311     -1.39058
     1.09438    -0.180886     -1.42311
     1.12216    -0.197948     -1.45896
   -0.122397     0.801891      -1.3032
  -0.0977331     0.779129     -1.27654
  -0.0735715     0.757917     -1.25735
  -0.0490272     0.735172     -1.23709
  -0.0248049     0.714832     -1.22162
-0.000754336     0.693658     -1.20562
   0.0232997     0.672734     -1.18906
   0.0471026     0.651547     -1.17373
   0.0710062     0.631402     -1.16138
   0.0947701     0.611289     -1.14989
    0.118608     0.590624     -1.13728
    0.142136     0.570478      -1.1251
    0.165664     0.549703     -1.10861
    0.188921     0.527842     -1.08756
    0.212053     0.506379     -1.06805
    0.235202      0.48663     -1.05899
     0.25893     0.469626     -1.06419
    0.283539     0.453622      -1.0799
    0.308251     0.437171     -1.09752
    0.332451     0.421991     -1.11834
    0.357608     0.407275     -1.14417
    0.382678     0.392033     -1.16647
    0.405824     0.372233     -1.16721
    0.430048     0.353901     -1.16624
    0.454128     0.336019     -1.17102
    0.478364     0.318211     -1.17534
    0.501643     0.298609     -1.17282
    0.524802      0.27863     -1.16282
    0.547278     0.257929      -1.1493
    0.570071     0.238111     -1.13664
    0.593023     0.217956     -1.12695
    0.615455     0.197939     -1.11997
     0.63875     0.179314     -1.11749
    0.662193     0.161113     -1.12023
    0.686582      0.14283     -1.12854
    0.710732     0.125336     -1.13888
    0.734826     0.107648     -1.15145
    0.759621    0.0902482     -1.16669
    0.784783    0.0732738     -1.18565
    0.810049    0.0560606     -1.20567
    0.835353     0.039075     -1.22475
    0.860173    0.0214838     -1.24248
    0.885131   0.00397225     -1.25947
    0.910752   -0.0135722     -1.27797
    0.936146   -0.0311329     -1.29691
    0.961912   -0.0485473     -1.31686
    0.987734   -0.0660894     -1.33939
     1.01419   -0.0831888     -1.36406
     1.04101    -0.100431     -1.39202
     1.06788    -0.117713     -1.42252
     1.09512    -0.135241     -1.45488
   -0.104153     0.833709     -1.34202
  -0.0794326     0.809742     -1.30974
  -0.0552129     0.787404     -1.28732
   -0.030638     0.764884     -1.26575
 -0.00625403     0.743529     -1.24726
   0.0177881     0.722189     -1.23037
   0.0418283     0.701062      -1.2131
   0.0658011     0.679833     -1.19745
    0.089663     0.659199     -1.18395
    0.113574     0.639271     -1.17271
    0.137422     0.618638      -1.1613
    0.161181      0.59872     -1.15083
    0.184786     0.578481      -1.1374
    0.208071     0.556616     -1.11604
    0.230973     0.533544     -1.09173
    0.254032     0.513403     -1.07932
    0.278237     0.496372     -1.08299
    0.302134     0.480256     -1.09724
    0.327466     0.463712     -1.11633
    0.351847     0.448942     -1.13907
    0.377385     0.435067      -1.1691
    0.402792     0.420292      -1.1951
    0.427202     0.402862     -1.20416
    0.450593     0.382881     -1.20117
    0.474194     0.363366     -1.19672
    0.497853     0.344152     -1.19321
    0.521155      0.32438       -1.185
    0.544102     0.303693       -1.171
    0.566547     0.283042     -1.15774
    0.589367     0.263237     -1.14812
    0.612562     0.243512     -1.14163
    0.635353      0.22387     -1.13674
    0.658623     0.204879     -1.13577
    0.682463     0.187036     -1.13986
    0.706889     0.169032     -1.14942
     0.73111      0.15114     -1.16228
     0.75589     0.133942     -1.17764
    0.780938     0.116845     -1.19559
    0.806522     0.100301     -1.21679
     0.83232    0.0832041     -1.23983
    0.858542    0.0668359     -1.26265
    0.884318     0.049851     -1.28569
    0.910183    0.0324676      -1.3082
     0.93635    0.0155829     -1.33099
    0.962232  -0.00248783     -1.35458
    0.988467   -0.0195855     -1.37854
     1.01478   -0.0371236     -1.40413
     1.04161   -0.0542303     -1.43153
     1.06921   -0.0710493     -1.46238
  -0.0366083     0.818015     -1.32167
  -0.0121857     0.795902     -1.29918
   0.0122891     0.772684     -1.27634
   0.0364231     0.751244     -1.25767
   0.0605374     0.729554     -1.23846
   0.0846698     0.708264     -1.22195
    0.108551     0.687396     -1.20797
    0.132446     0.667407     -1.19769
    0.156272     0.647143     -1.18846
    0.180261     0.627234     -1.17957
    0.204083      0.60766     -1.16987
    0.227421     0.586235     -1.15164
     0.25056     0.563187     -1.12585
    0.273613     0.541735     -1.10651
    0.297149     0.522805      -1.1037
    0.321057     0.507365     -1.11816
    0.346948     0.491324     -1.14099
    0.371854     0.476934     -1.16633
    0.397243     0.462901      -1.1974
     0.42323     0.448964     -1.22537
    0.447804      0.43198     -1.23843
    0.471614     0.412404     -1.23638
    0.494805     0.391813     -1.22659
    0.517974      0.37132     -1.21459
    0.540697     0.350388     -1.19943
    0.563508     0.329068     -1.18329
    0.586363     0.308896     -1.17176
    0.609517     0.289389     -1.16466
    0.632764     0.269828      -1.1607
    0.656174     0.250842     -1.15902
    0.679379     0.231787     -1.16005
    0.703206     0.213633     -1.16627
    0.727727     0.195908     -1.17868
    0.752942     0.178638     -1.19577
    0.778342     0.161951     -1.21534
    0.803919     0.145235     -1.23733
    0.830086      0.12874     -1.26053
    0.855964     0.111752     -1.28591
    0.882379    0.0951818     -1.31237
    0.908726    0.0783178     -1.33951
     0.93593    0.0617096      -1.3673
    0.962346    0.0447074     -1.39256
    0.988894    0.0274546     -1.41824
     1.01649    0.0105468     -1.44764
  0.00657821      0.82842      -1.3413
   0.0311349     0.803935      -1.3151
   0.0554325     0.782495     -1.29476
   0.0796103     0.760198     -1.27435
    0.103494     0.738248     -1.25613
    0.127668     0.717491     -1.24181
    0.151719     0.697372     -1.23192
     0.17565     0.677709      -1.2246
    0.199834     0.657934     -1.21756
    0.223779     0.638431     -1.21036
    0.247563     0.618044       -1.197
    0.270616     0.595109     -1.17305
    0.293589     0.571937     -1.14735
    0.316857     0.551807     -1.13591
    0.341118     0.535616     -1.14632
    0.366439     0.519898     -1.16888
    0.391952     0.505078     -1.19644
    0.417669      0.49191     -1.22653
    0.442994      0.47653     -1.25178
    0.467831      0.45957     -1.26576
    0.492186     0.440901     -1.26666
    0.515586     0.420331     -1.25556
    0.538474     0.399026     -1.23845
    0.560897     0.377318      -1.2191
    0.583413     0.355474     -1.20289
    0.606523     0.335439     -1.19253
    0.629906     0.316163     -1.18697
    0.653175     0.296745     -1.18487
    0.677111     0.278081     -1.18692
    0.701274     0.260065     -1.19267
    0.725708     0.242313     -1.20396
    0.750694     0.225374     -1.22075
     0.77691     0.208712     -1.24345
    0.802807     0.192016     -1.26718
    0.828598     0.175161     -1.29153
     0.85478     0.158487     -1.31755
    0.882153     0.142795     -1.34726
    0.909526     0.126764     -1.37978
   0.0748703     0.816956     -1.34852
   0.0990198     0.794594     -1.32776
    0.123082     0.772524      -1.3087
    0.147341     0.751409     -1.29396
    0.171625     0.730984     -1.28306
    0.195612     0.711058     -1.27594
    0.219989     0.691595      -1.2709
    0.244148     0.672103     -1.26579
    0.268184     0.652022      -1.2568
     0.29162     0.630512     -1.23974
    0.314805     0.607272     -1.21515
    0.337548     0.584406     -1.19466
    0.361923     0.566373     -1.19534
    0.386245     0.550593     -1.21112
    0.412491     0.534397     -1.23416
    0.438416     0.521131     -1.26176
       0.464     0.506064     -1.28554
    0.488917      0.48901     -1.29811
    0.513113     0.469997     -1.29774
     0.53634      0.44868     -1.28543
    0.559068     0.426838     -1.26678
    0.581757     0.405418     -1.24843
    0.604596     0.384034     -1.23307
    0.627386     0.363328     -1.22234
    0.650968     0.344081     -1.21766
    0.674379     0.324747     -1.21702
    0.698457     0.305838       -1.222
    0.723126     0.288308     -1.23311
    0.748454     0.271584     -1.25052
    0.167717     0.788714      -1.3627
    0.192067     0.767793     -1.35001
    0.216346     0.747504     -1.34185
    0.240666     0.728048     -1.33757
    0.265165     0.708132     -1.33417
    0.289518     0.689027     -1.33053
    0.313823     0.669031     -1.32308
    0.337749     0.648305      -1.3119
    0.361565     0.627276     -1.29981
    0.385717     0.607048     -1.29317
    0.410058     0.588881     -1.29549
    0.435258     0.572061     -1.30507
    0.460185     0.553066      -1.3176
    0.485325     0.536764     -1.33031
     0.51037     0.519326     -1.33717
    0.534282     0.499688     -1.33502
    0.557968     0.478823     -1.32431
    0.580753     0.456768     -1.30697
    0.603893     0.435595     -1.29109
    0.627014     0.414726     -1.27738
    0.649713     0.393261     -1.26612
    0.673461     0.373984     -1.26182
    0.697516     0.355213     -1.26349
    0.721616     0.336213     -1.27163
    0.460136     0.613646     -1.41559
    0.484749      0.59388     -1.41096
     0.50908     0.572197     -1.40457
    0.533055     0.552172      -1.3973
    0.556883     0.531655     -1.38898
    0.580707     0.511101     -1.37892
    0.604275     0.490156     -1.36612
    0.627879     0.469292     -1.35382
    0.651118     0.448306     -1.34291
    0.674347     0.427007     -1.33392