V
   -0.191392    -0.474453     -1.48739
   -0.163791    -0.489884     -1.46985
   -0.135734    -0.504638     -1.45158
   -0.107558    -0.519666     -1.43111
  -0.0793715    -0.534001     -1.40887
  -0.0516755    -0.548539     -1.39233
  -0.0237881    -0.563161      -1.3813
  0.00382383    -0.576882     -1.37376
   0.0307007    -0.591618     -1.37517
   -0.343586    -0.361188     -1.46919
    -0.31388    -0.377362     -1.43479
   -0.285186    -0.391761     -1.42082
   -0.258593    -0.406626     -1.42373
    -0.23015    -0.419992     -1.42769
   -0.202664    -0.434174     -1.43122
    -0.17594     -0.44882     -1.43072
    -0.14806    -0.463741     -1.41914
   -0.119987    -0.478546     -1.40036
  -0.0916563    -0.493189     -1.37573
  -0.0637547    -0.507749     -1.35325
  -0.0363188    -0.522346     -1.33819
 -0.00879947    -0.536915     -1.32847
   0.0183025     -0.55074     -1.32328
   0.0453516     -0.56494     -1.32433
   0.0719438    -0.579748     -1.33039
   0.0989842    -0.593866     -1.34037
    0.262967    -0.678569     -1.43614
   -0.438847    -0.275991     -1.46469
   -0.409585    -0.291372     -1.44103
   -0.379979    -0.307315     -1.40497
   -0.349384    -0.323945     -1.35694
   -0.320105    -0.339788     -1.32087
   -0.292641    -0.353994      -1.3136
   -0.266427    -0.367741     -1.32546
   -0.240306    -0.381102     -1.34648
     -0.2129     -0.39417     -1.36807
   -0.186821    -0.407986     -1.38339
   -0.160154    -0.422797     -1.38793
   -0.132388    -0.437229     -1.37882
   -0.104444     -0.45208     -1.35928
  -0.0764768     -0.46734     -1.33367
  -0.0491186     -0.48222     -1.31269
  -0.0214888    -0.496386     -1.29958
  0.00581276     -0.51042     -1.29151
   0.0326745    -0.524652     -1.28756
   0.0593719    -0.539045     -1.28708
   0.0864512    -0.553157      -1.2903
    0.113338    -0.567101     -1.29602
    0.140398    -0.580947     -1.30348
    0.167118    -0.595012      -1.3142
    0.194216    -0.609262     -1.32886
    0.221748    -0.623491     -1.34346
    0.248563    -0.637728     -1.35707
    0.275482    -0.651916     -1.37231
    0.303038    -0.665936      -1.3888
    0.330598    -0.680017     -1.40699
    0.358098    -0.694348     -1.42287
    0.385147    -0.709054     -1.43628
     0.41278    -0.723204     -1.44817
    0.440111    -0.737483     -1.45856
    0.467767    -0.751624     -1.46906
    0.494875    -0.765568     -1.47906
    0.522284    -0.779907     -1.49068
   -0.532779    -0.191609     -1.44523
   -0.503954    -0.207507     -1.42493
   -0.475264    -0.222753     -1.40488
   -0.446337    -0.237968     -1.38423
   -0.417351    -0.253802     -1.36211
   -0.388224     -0.26905     -1.33292
   -0.358678    -0.285225     -1.29262
   -0.329375    -0.301005     -1.25688
   -0.302074    -0.315751     -1.24381
   -0.276077    -0.329521     -1.25376
   -0.250626     -0.34267     -1.27477
   -0.223576    -0.355752     -1.30163
   -0.197656    -0.368866     -1.32791
     -0.1714    -0.382396     -1.34653
    -0.14459     -0.39664     -1.35103
   -0.116958    -0.411051     -1.34258
  -0.0892991    -0.425928     -1.32484
  -0.0616183    -0.440812     -1.30323
  -0.0342215    -0.455502     -1.28402
 -0.00678048    -0.469842     -1.27177
   0.0200946    -0.484445     -1.26394
   0.0469471    -0.498522     -1.25945
   0.0736635    -0.512764     -1.25695
    0.100604    -0.527019     -1.25712
    0.127452    -0.540756     -1.25831
    0.154263    -0.554777     -1.26126
     0.18074    -0.568968     -1.26736
    0.207745    -0.583213     -1.27879
    0.234674    -0.597085     -1.29115
    0.261721    -0.610877     -1.30427
    0.288662    -0.625056     -1.31913
     0.31563    -0.639358     -1.33384
    0.343111      -0.6529     -1.34704
    0.370119    -0.667111     -1.35829
    0.397357    -0.680939     -1.36823
    0.424285    -0.695184     -1.37794
    0.451608    -0.709155     -1.38874
    0.478754    -0.723574     -1.40025
    0.506009    -0.737768     -1.41258
    0.532968    -0.752473     -1.42604
    0.560471    -0.766458     -1.43986
    0.587991    -0.780813     -1.45747
    0.615566    -0.795213     -1.47764
    -0.60016    -0.121941     -1.44272
   -0.570904    -0.137747     -1.41626
   -0.541816    -0.153599     -1.39201
    -0.51242    -0.168698     -1.36975
   -0.484055    -0.184343     -1.34976
   -0.455337    -0.199605     -1.32964
   -0.426601    -0.214936     -1.30915
     -0.3988    -0.230322     -1.29027
   -0.370297    -0.245715      -1.2624
   -0.340685    -0.261809     -1.22464
   -0.312437    -0.276861     -1.20087
   -0.285752    -0.290536     -1.19942
   -0.260137    -0.303987     -1.21495
   -0.235035     -0.31719     -1.23815
   -0.207929    -0.330218     -1.26737
   -0.182508    -0.342854     -1.29388
   -0.156768    -0.357083     -1.31196
   -0.129554    -0.371145       -1.317
   -0.102007    -0.385496     -1.30851
  -0.0743795    -0.400035     -1.29429
  -0.0470683    -0.414663      -1.2788
  -0.0198593    -0.429328     -1.26355
  0.00742449    -0.443809     -1.25212
    0.034093    -0.458515     -1.24328
   0.0610316    -0.472366     -1.23699
   0.0878653    -0.486546     -1.23172
    0.114734    -0.500553     -1.22888
    0.141487    -0.514517     -1.22686
    0.167838    -0.528874     -1.22752
    0.194364    -0.542686     -1.23172
    0.221682    -0.556591     -1.24086
    0.248042    -0.570449     -1.25155
    0.275084    -0.584286     -1.26474
    0.301896    -0.598305     -1.27894
    0.328879    -0.612628     -1.29345
    0.355974     -0.62626     -1.30472
    0.382837    -0.640088     -1.31302
    0.409471    -0.654317     -1.31943
    0.436195      -0.6685     -1.32529
    0.463189     -0.68241     -1.33243
    0.489645    -0.696698     -1.34032
    0.516742    -0.710283     -1.35175
     0.54379    -0.724708     -1.36635
    0.571373    -0.738689     -1.38361
    0.598622    -0.753475     -1.40298
    0.626253    -0.767339     -1.42263
    0.654244     -0.78152     -1.44519
   -0.611567    -0.081979     -1.41655
   -0.581631   -0.0978964     -1.38939
   -0.552457    -0.113554     -1.36514
   -0.523577     -0.12935     -1.34164
   -0.494537     -0.14475      -1.3193
   -0.466126    -0.160251     -1.29915
   -0.438097    -0.175442     -1.28113
   -0.409797    -0.190851     -1.26275
   -0.381876    -0.205849     -1.24272
   -0.353189    -0.221744     -1.21148
    -0.32412    -0.237566     -1.17925
   -0.296914    -0.252145     -1.16494
   -0.270513    -0.265608     -1.16851
   -0.244896    -0.278769     -1.18322
    -0.21915    -0.291908     -1.20622
   -0.192733    -0.304835     -1.23208
   -0.167055      -0.3183     -1.24928
   -0.140463     -0.33187     -1.26505
    -0.11418    -0.345618     -1.27455
  -0.0867865    -0.359716     -1.27196
  -0.0597653    -0.374293     -1.26602
  -0.0324828    -0.388301     -1.25929
 -0.00572324    -0.402846     -1.25125
     0.02154     -0.41759     -1.24025
   0.0483735    -0.431926     -1.22835
   0.0751053    -0.446166     -1.21911
    0.101743    -0.460748     -1.21109
    0.128521    -0.474914     -1.20549
    0.155301    -0.488483      -1.2015
     0.18162    -0.502815     -1.20114
    0.208002    -0.516746     -1.20504
    0.234984    -0.530901     -1.21338
    0.261645     -0.54443     -1.22355
    0.288391    -0.558064     -1.23658
    0.315271    -0.572026     -1.25037
     0.34221    -0.586007     -1.26416
    0.368931    -0.600057     -1.27461
    0.395802    -0.613804     -1.28214
    0.422318    -0.627725      -1.2865
    0.449076     -0.64145     -1.28973
    0.475755    -0.655444     -1.29447
    0.501882    -0.669786     -1.30017
    0.528608    -0.683774     -1.30893
    0.555537    -0.697679     -1.32168
    0.582824    -0.711692     -1.33797
    0.609779    -0.726015     -1.35483
     0.63695    -0.740105     -1.37332
    0.664513    -0.754259     -1.39415
    0.692801    -0.768442     -1.41871
    0.721227    -0.783174     -1.44764
   -0.652388   -0.0252869     -1.42564
    -0.62287   -0.0414219      -1.3975
   -0.592966   -0.0577148     -1.37176
   -0.564186   -0.0732345     -1.34989
   -0.535494   -0.0891538     -1.32772
   -0.506832    -0.104721     -1.30604
   -0.478223    -0.120291     -1.28517
   -0.449962    -0.135399     -1.26607
   -0.422002    -0.150663       -1.248
   -0.393618    -0.166004     -1.22828
   -0.365611    -0.181065     -1.20489
   -0.336877    -0.197346     -1.17256
   -0.308424    -0.212439      -1.1465
   -0.281486    -0.227035     -1.13595
   -0.255344    -0.240436     -1.14217
   -0.230176    -0.253438     -1.15758
   -0.203603    -0.266655     -1.17979
   -0.177817    -0.280175     -1.19825
   -0.151758     -0.29321     -1.21459
   -0.125484    -0.306272     -1.23061
  -0.0987415    -0.320537     -1.23267
  -0.0716854    -0.334256     -1.23441
  -0.0449182    -0.348107     -1.23917
  -0.0182408    -0.362306     -1.24137
  0.00843799    -0.376579     -1.23963
   0.0356299    -0.391055     -1.23105
   0.0623608    -0.405653     -1.21737
   0.0890356    -0.420119     -1.20527
    0.115825    -0.434488     -1.19425
    0.142485    -0.448571     -1.18638
    0.169083    -0.462539      -1.1813
    0.195418    -0.476642     -1.18024
     0.22182    -0.490562     -1.18429
    0.248706    -0.504522     -1.19219
    0.275216    -0.517979     -1.20234
    0.301797    -0.532091     -1.21534
     0.32877    -0.545422     -1.22928
    0.355742    -0.559524     -1.24277
    0.382111    -0.573877     -1.25111
     0.40857    -0.587672     -1.25474
    0.434961    -0.601488     -1.25464
    0.461503    -0.615395     -1.25637
    0.487806    -0.629477     -1.26153
    0.514393    -0.643015      -1.2685
    0.540837    -0.657436     -1.27809
    0.567696    -0.671217     -1.29015
    0.594586    -0.685319     -1.30411
    0.621174     -0.69948     -1.31768
    0.648555    -0.712859     -1.33277
    0.675211    -0.726896     -1.34916
    0.703449    -0.741279      -1.3698
    0.730693    -0.755359      -1.3919
     0.75871    -0.769386     -1.41771
   -0.664453    0.0151165     -1.41609
   -0.634153  -0.00114069     -1.38379
    -0.60546   -0.0169764     -1.36002
   -0.575674   -0.0332731      -1.3359
   -0.547486   -0.0484762     -1.31671
   -0.518819   -0.0641859     -1.29632
   -0.490487   -0.0794796     -1.27712
   -0.462331   -0.0950519     -1.25776
   -0.434169    -0.110354     -1.23863
   -0.405861    -0.125426     -1.21912
   -0.377785       -0.141     -1.19795
    -0.34976    -0.156625     -1.17185
   -0.321068    -0.172484     -1.14174
   -0.293502    -0.187609     -1.12179
   -0.266726    -0.202096     -1.11273
   -0.240731    -0.215696     -1.11938
    -0.21566    -0.228099     -1.13732
   -0.188851    -0.241176      -1.1596
   -0.163585    -0.254184     -1.18014
   -0.137015    -0.266899     -1.19921
   -0.110881    -0.280493     -1.20909
  -0.0840082    -0.294669     -1.20672
  -0.0571029    -0.309077     -1.20623
  -0.0305146    -0.322403     -1.21556
 -0.00412677    -0.336456     -1.22389
   0.0225122    -0.350699     -1.22532
   0.0496494    -0.364789     -1.22025
   0.0763502    -0.379253     -1.20754
    0.103069    -0.393919     -1.19181
    0.129801    -0.408377     -1.17859
    0.156471    -0.422364     -1.16952
    0.182872    -0.436557     -1.16354
    0.209057    -0.450721     -1.16295
    0.235492    -0.464827     -1.16768
    0.262141    -0.478504     -1.17554
    0.288743    -0.492142     -1.18653
    0.315488    -0.505786     -1.19959
    0.342121    -0.519699     -1.21321
     0.36894    -0.533619      -1.2226
    0.395116    -0.547634      -1.2226
    0.421351    -0.561339     -1.22056
    0.447172    -0.575578      -1.2195
    0.473962    -0.589379     -1.22428
    0.500322    -0.603255     -1.23358
    0.527078    -0.616832     -1.24425
    0.553633    -0.630975     -1.25497
    0.580291    -0.644913     -1.26644
    0.606984    -0.658883     -1.27837
    0.633751    -0.672544     -1.28984
    0.660371    -0.686607     -1.30248
    0.686996    -0.700025     -1.31562
    0.714764    -0.714346     -1.33189
    0.740996    -0.728451     -1.34711
    0.767898    -0.742233     -1.36304
    0.795446    -0.755904     -1.38457
    0.824231     -0.77022     -1.41805
   -0.677051    0.0566722     -1.41238
   -0.646402    0.0396087     -1.37519
   -0.616831     0.023234     -1.34838
   -0.588342   0.00756511       -1.327
   -0.559052  -0.00849657     -1.30503
   -0.530897   -0.0239014     -1.28694
   -0.502702   -0.0393905     -1.26833
   -0.474508   -0.0547294      -1.2505
    -0.44645   -0.0701239     -1.23151
   -0.418435   -0.0853343      -1.2125
   -0.390184    -0.100676     -1.19211
   -0.362334    -0.116268     -1.17044
   -0.334182    -0.131965     -1.14395
   -0.305964    -0.147531     -1.11798
   -0.278891    -0.162474     -1.10346
   -0.252441    -0.176479     -1.09612
   -0.225974     -0.19018     -1.10163
    -0.20102    -0.202302     -1.12223
   -0.174267    -0.215395     -1.14501
   -0.149124    -0.228142     -1.16844
   -0.122665    -0.240615      -1.1874
  -0.0963142    -0.254845     -1.19191
  -0.0698472    -0.269196      -1.1896
  -0.0428677    -0.283341     -1.18778
  -0.0163106    -0.296654     -1.19746
   0.0101583    -0.310221     -1.20787
   0.0368865    -0.324131     -1.21048
   0.0637154    -0.338496     -1.20798
   0.0903621    -0.353007     -1.19599
    0.117121    -0.367683     -1.17743
    0.143744    -0.382458     -1.16277
    0.170118     -0.39677     -1.15344
    0.196474    -0.410662     -1.14815
    0.222636    -0.424744     -1.14853
    0.249302    -0.438581     -1.15494
    0.275857    -0.452515     -1.16403
    0.302505    -0.465888      -1.1757
    0.329184    -0.479479       -1.188
    0.355425    -0.493637      -1.1961
    0.381991    -0.507412      -1.1956
    0.407941    -0.521576     -1.18932
    0.433694    -0.535804     -1.18566
    0.459879    -0.549353     -1.18686
    0.486602    -0.563104     -1.19708
    0.513361    -0.576785     -1.21202
    0.540127    -0.590407     -1.22574
    0.566619    -0.604472     -1.23625
    0.593039    -0.618688       -1.246
    0.619491    -0.632559     -1.25518
    0.645814    -0.646506     -1.26459
    0.672334    -0.660183     -1.27638
    0.699109    -0.673872     -1.28986
    0.726542    -0.687979     -1.30462
    0.752648    -0.701701       -1.316
    0.778875    -0.715594     -1.32562
      0.8052     -0.72935     -1.33605
    0.832176    -0.742899     -1.35269
    0.860261    -0.756792     -1.37966
   -0.658913    0.0802092     -1.37221
    -0.62927    0.0635491     -1.34048
   -0.600377     0.047725      -1.3182
   -0.571703    0.0319977     -1.29806
   -0.543019    0.0163139     -1.27876
   -0.515046   0.00105272     -1.26215
   -0.487068   -0.0144524     -1.24429
   -0.458843   -0.0299092     -1.22602
   -0.430811   -0.0451622     -1.20689
   -0.402949   -0.0603654     -1.18775
   -0.374557   -0.0758678     -1.16627
   -0.346892   -0.0914441     -1.14464
   -0.319058     -0.10712     -1.12051
   -0.291214    -0.122451     -1.09854
   -0.264371    -0.137102     -1.08641
   -0.237836    -0.151189     -1.07899
    -0.21156    -0.164661     -1.08676
   -0.186887    -0.176619     -1.11246
   -0.160024    -0.189616     -1.13608
   -0.134721    -0.201414     -1.16055
   -0.108652    -0.214566     -1.18072
  -0.0823167    -0.228446     -1.18432
  -0.0554801    -0.243097     -1.17899
  -0.0286274    -0.257173     -1.17608
 -0.00229044    -0.270801      -1.1854
   0.0242715    -0.284339      -1.1945
   0.0510099    -0.298211     -1.19769
   0.0778418    -0.312221     -1.19545
    0.104484    -0.326874     -1.18098
    0.130858    -0.342011     -1.16208
    0.157463    -0.356565     -1.14757
     0.18392    -0.370681     -1.13872
    0.210198    -0.384786     -1.13558
     0.23631    -0.398776     -1.13783
    0.263205    -0.412273     -1.14622
    0.289675    -0.426128     -1.15741
    0.316116    -0.439789     -1.16879
     0.34252    -0.453517     -1.17518
    0.368662     -0.46768     -1.17382
    0.394693    -0.481985     -1.16555
     0.42038    -0.496014     -1.15704
    0.446421    -0.510007     -1.15476
    0.472549    -0.523612     -1.16053
    0.499263    -0.537632     -1.17621
    0.526373    -0.550984     -1.19627
    0.553033    -0.564821     -1.21073
    0.579291    -0.578329     -1.21714
    0.605592    -0.592447     -1.22349
    0.631838    -0.606077     -1.23036
    0.658158    -0.619818     -1.23939
     0.68456     -0.63353     -1.25091
    0.711351    -0.647544     -1.26493
    0.738226    -0.661571     -1.27857
    0.764283    -0.675046     -1.28712
    0.790091    -0.689047     -1.29272
     0.81566    -0.702569     -1.29728
    0.841707    -0.716571     -1.30594
    0.868083      -0.7302     -1.31961
    -0.67257     0.122119     -1.37715
   -0.641615     0.104265     -1.33935
    -0.61276    0.0879032     -1.31205
   -0.584209    0.0724059     -1.29218
   -0.555457    0.0565294     -1.27254
   -0.527379    0.0410944     -1.25541
   -0.499223      0.02612     -1.23948
    -0.47134    0.0108925     -1.22228
   -0.443288  -0.00483662      -1.2039
   -0.415496   -0.0203664     -1.18464
   -0.387583    -0.035518     -1.16476
   -0.359324   -0.0513001      -1.1422
   -0.331638   -0.0665526     -1.12086
    -0.30415   -0.0820435      -1.0999
   -0.276734   -0.0972916     -1.08177
       -0.25    -0.111895     -1.07054
   -0.223381    -0.126255     -1.06287
    -0.19747    -0.139107     -1.07473
   -0.172795    -0.150821     -1.10513
   -0.146015    -0.163341     -1.13162
   -0.121086     -0.17595     -1.15696
  -0.0949463    -0.187822     -1.17771
  -0.0681417    -0.201644     -1.18053
  -0.0413225    -0.216496     -1.17298
  -0.0145597    -0.230678     -1.16964
   0.0119378    -0.244334     -1.17762
   0.0383094    -0.258318     -1.18394
   0.0651055    -0.271884     -1.18592
   0.0919601     -0.28628     -1.17899
     0.11844    -0.301324      -1.1622
    0.144794    -0.316097     -1.14575
    0.171144    -0.331039     -1.13351
    0.197577    -0.344967     -1.12683
    0.224032    -0.358817      -1.1261
    0.250126    -0.372667     -1.13138
    0.276947    -0.386172     -1.14196
    0.303471    -0.399962     -1.15345
     0.32971    -0.413859     -1.15874
    0.355862    -0.427624     -1.15408
    0.381603    -0.442102       -1.146
    0.407284    -0.456753     -1.13582
    0.432895    -0.470658      -1.1283
    0.458918    -0.484289     -1.12781
    0.485297    -0.497926     -1.13716
    0.512228      -0.5115     -1.15766
     0.54005    -0.524807     -1.18516
    0.566321      -0.5383     -1.19748
    0.591755    -0.552105     -1.19389
    0.617754    -0.566408     -1.19583
    0.643715    -0.580448     -1.20242
    0.670464    -0.593442     -1.21311
    0.696551    -0.607192     -1.22564
    0.723716    -0.621219     -1.24048
    0.750048    -0.635223     -1.25292
    0.775753     -0.64889     -1.25951
    0.801193    -0.662568       -1.262
    0.826633    -0.676207     -1.26432
    0.852032    -0.690363     -1.26894
    0.877761    -0.703624      -1.2765
    0.904309    -0.717501     -1.29287
   -0.686032     0.164103     -1.38395
    -0.65573     0.146701     -1.34724
    -0.62505     0.129286     -1.31309
   -0.596439     0.112986     -1.28827
   -0.568305     0.097521     -1.26954
    -0.53943    0.0815135     -1.25047
   -0.511783    0.0664569     -1.23493
   -0.483701     0.050947     -1.21826
   -0.456028    0.0358519     -1.20176
   -0.428183    0.0202334     -1.18386
   -0.400263   0.00474446     -1.16408
   -0.372366   -0.0107035     -1.14321
   -0.344083    -0.026403     -1.12062
   -0.316718   -0.0416874     -1.10064
   -0.289466   -0.0571462     -1.08149
   -0.262222   -0.0721597     -1.06613
   -0.235648    -0.086381     -1.05685
   -0.209318    -0.100748     -1.05147
   -0.183852    -0.113308     -1.06761
   -0.158838    -0.124804     -1.10077
   -0.131949    -0.136621     -1.13114
   -0.106711     -0.14812     -1.15687
  -0.0805832    -0.161296       -1.174
  -0.0541293    -0.175325     -1.17723
  -0.0276293    -0.190193     -1.17169
-0.000708434      -0.2042      -1.1685
   0.0259791    -0.217698     -1.17322
   0.0523452    -0.232007     -1.17533
   0.0789163    -0.246119     -1.17183
    0.106021    -0.260673      -1.1592
    0.132177    -0.275751      -1.1441
    0.158559    -0.290671     -1.13018
    0.185093    -0.304776     -1.12128
    0.211184    -0.319222     -1.11864
    0.237561    -0.333074     -1.12027
     0.26393     -0.34638     -1.12787
    0.290777    -0.359856     -1.13921
     0.31702    -0.373963     -1.14491
    0.342949    -0.388224     -1.14022
    0.368923    -0.401939     -1.12858
    0.394643    -0.416649     -1.11799
    0.419915    -0.431233     -1.10708
    0.445633     -0.44529     -1.10041
    0.471326    -0.458708     -1.09976
    0.497641    -0.472524     -1.10926
    0.524433     -0.48626     -1.13226
    0.552904    -0.499146      -1.1662
    0.579383    -0.512113     -1.17657
    0.603594    -0.526928     -1.16317
    0.628819    -0.540791     -1.15946
    0.655437    -0.553957     -1.16704
     0.68177    -0.568129     -1.18198
    0.707967    -0.581567      -1.1983
    0.735818    -0.595182     -1.21604
    0.761753    -0.609301     -1.22902
    0.787477     -0.62286     -1.23508
     0.81262    -0.636539     -1.23563
     0.83767    -0.650318     -1.23551
    0.862672    -0.664109     -1.23748
    0.888224     -0.67764     -1.24352
    0.914549    -0.690988     -1.25743
    0.941556    -0.705101      -1.2815
   -0.669346     0.188988     -1.35759
   -0.639268     0.171047     -1.32224
    -0.60932     0.154082     -1.29062
   -0.580522     0.137716     -1.26705
   -0.552574     0.122875     -1.24954
   -0.524002     0.106626     -1.23164
   -0.496409    0.0917692     -1.21687
   -0.468431    0.0761859     -1.19983
   -0.440687    0.0610513      -1.1832
   -0.412887    0.0454834     -1.16516
   -0.385193    0.0296889     -1.14501
   -0.357277    0.0143641     -1.12359
   -0.329413  -0.00156705     -1.10181
   -0.302167   -0.0169252     -1.08291
   -0.274892   -0.0320154     -1.06529
   -0.247859   -0.0468428       -1.052
   -0.221523   -0.0614491     -1.04297
    -0.19498   -0.0754499     -1.03825
   -0.170126    -0.087581     -1.05896
   -0.145043   -0.0989845     -1.09625
   -0.118196    -0.110102     -1.13184
  -0.0930019    -0.122039     -1.15768
   -0.067185    -0.135433     -1.17579
  -0.0406939    -0.148722     -1.18182
  -0.0135065     -0.16299     -1.17339
   0.0133533    -0.177549      -1.1678
   0.0397037    -0.191819     -1.16806
   0.0664066    -0.205851      -1.1637
   0.0931172    -0.220528     -1.15349
    0.119719    -0.235487     -1.14005
    0.146216     -0.24988     -1.12731
    0.172439    -0.264756     -1.11528
    0.198839    -0.279108     -1.10913
    0.225091    -0.292979     -1.10944
    0.251384    -0.306831       -1.115
    0.277866    -0.319965     -1.12447
    0.304334    -0.333899     -1.13147
    0.330508    -0.348361     -1.12884
     0.35621     -0.36278     -1.11783
    0.381785    -0.376991     -1.10418
    0.407521    -0.391221     -1.09208
    0.432636    -0.405862     -1.07981
    0.458201    -0.419617     -1.07209
    0.483565    -0.433521      -1.0709
    0.510208     -0.44711     -1.08158
    0.536898    -0.460252     -1.10618
     0.56529     -0.47309     -1.14057
    0.590677    -0.487399      -1.1446
    0.614968    -0.501226     -1.12713
    0.640052    -0.515146     -1.12127
    0.665903    -0.528732     -1.12785
    0.692726    -0.542743     -1.14666
    0.719533    -0.556117     -1.16974
    0.747591    -0.569727     -1.19222
    0.773691    -0.583232     -1.20646
     0.79929    -0.596901     -1.21219
     0.82423    -0.610725     -1.21153
    0.848962    -0.624541     -1.21018
    0.874054    -0.638006     -1.21141
    0.899248    -0.651553     -1.21734
    0.925457    -0.665284     -1.23077
     0.95234    -0.678982      -1.2535
    0.981147    -0.692785     -1.28583
   -0.683127       0.2311     -1.37001
   -0.653271     0.213672      -1.3352
    -0.62299     0.196138     -1.30049
   -0.593441     0.179196     -1.27082
   -0.565019     0.163059      -1.2491
   -0.537235      0.14793     -1.23226
   -0.508789     0.131997     -1.21544
    -0.48127     0.116909     -1.20053
   -0.453389     0.101423     -1.18352
   -0.425794    0.0861476      -1.1672
   -0.398098    0.0705842     -1.14894
   -0.370355    0.0549533     -1.12839
   -0.342544    0.0390451     -1.10654
   -0.314714     0.023324     -1.08502
   -0.287508   0.00809197     -1.06669
   -0.260499  -0.00697796     -1.05013
   -0.233548   -0.0216821     -1.03801
   -0.207202    -0.036312       -1.029
   -0.180808   -0.0501204     -1.02647
   -0.156009   -0.0615952     -1.04765
   -0.130605   -0.0730759     -1.08724
   -0.104276   -0.0838582     -1.12977
  -0.0792367   -0.0953197     -1.15786
  -0.0529746    -0.107452     -1.18055
  -0.0268893    -0.120746     -1.19133
 0.000405845    -0.136548     -1.17536
    0.027014    -0.151475     -1.16488
   0.0537885    -0.165476      -1.1578
   0.0801809    -0.180752     -1.14538
    0.106981    -0.195554     -1.13234
    0.133405    -0.210289     -1.11977
    0.160011    -0.224526     -1.10728
     0.18624    -0.239043     -1.09717
     0.21249     -0.25355     -1.09458
    0.238809    -0.267069     -1.09737
    0.265033    -0.280784     -1.10322
    0.291218    -0.294533     -1.11049
    0.317823    -0.308588     -1.11514
     0.34362    -0.323185       -1.109
    0.369329    -0.337284     -1.09589
    0.394518    -0.352052     -1.08131
    0.419857    -0.366671     -1.06747
    0.445468    -0.380555     -1.05491
    0.470261    -0.395386     -1.04628
    0.495649    -0.409119     -1.04505
    0.522484    -0.422204     -1.05873
    0.549108     -0.43504     -1.08472
    0.576367     -0.44934     -1.11739
    0.602899     -0.46256     -1.11614
    0.626717    -0.475883     -1.09576
    0.651617    -0.489928     -1.08942
    0.676883     -0.50342     -1.09319
    0.703588    -0.516744     -1.11222
    0.731303    -0.530652     -1.14302
    0.759596    -0.544069     -1.17104
    0.785804    -0.557411     -1.18725
    0.811405    -0.571107     -1.19319
    0.836012    -0.584927     -1.19156
    0.860908    -0.598388     -1.18962
    0.885803    -0.612149     -1.19096
    0.911095    -0.625711     -1.19727
    0.937094     -0.63914     -1.20983
    0.963637    -0.652959     -1.23108
    0.991961    -0.666758     -1.26347
    -0.66702     0.256032     -1.34804
   -0.637131     0.238944     -1.31544
    -0.60742       0.2211     -1.28228
   -0.578183     0.204706     -1.25476
   -0.549909      0.18841     -1.23396
   -0.522201     0.173035     -1.21726
   -0.493696     0.157412     -1.20085
    -0.46627     0.142476     -1.18622
   -0.438533     0.126691     -1.16913
   -0.410961     0.111528     -1.15277
    -0.38325    0.0958345     -1.13386
   -0.355551    0.0801045     -1.11315
   -0.327886    0.0640731     -1.09141
    -0.30019    0.0484355     -1.07043
   -0.273234    0.0331783     -1.05295
   -0.246157    0.0182308     -1.03707
   -0.219276   0.00348075     -1.02503
   -0.192943    -0.011063     -1.01707
   -0.166903   -0.0243801     -1.01909
    -0.14193   -0.0361365     -1.03753
   -0.116044   -0.0472975     -1.07529
  -0.0902075   -0.0575235      -1.1235
  -0.0652918   -0.0691478     -1.15464
  -0.0390452   -0.0812373     -1.17737
  -0.0127984    -0.093796     -1.18946
   0.0143676    -0.109999     -1.17245
   0.0412086    -0.124708      -1.1568
   0.0677261    -0.140476     -1.13883
   0.0942387    -0.155632     -1.11944
    0.121037    -0.170462     -1.10342
    0.147274    -0.185621     -1.08894
    0.173365    -0.200312     -1.07655
    0.199637    -0.214715     -1.07015
    0.225738    -0.228765     -1.06489
    0.251323    -0.243614     -1.04145
     0.27686    -0.259146     -1.02317
    0.302873    -0.272736     -1.03168
    0.329888    -0.285251     -1.06103
     0.35682    -0.298132     -1.08032
    0.382068    -0.312476     -1.07283
     0.40746    -0.326808     -1.05622
    0.432656     -0.34149     -1.04102
    0.457924    -0.355646     -1.02995
    0.483084    -0.369682     -1.02273
    0.508451    -0.383668     -1.02341
    0.535022     -0.39668     -1.03766
    0.560747    -0.408682     -1.06354
    0.589263    -0.421413     -1.10027
    0.617809    -0.437464     -1.10155
    0.639032    -0.450653     -1.07495
    0.663462    -0.464726     -1.06541
     0.68865    -0.478263     -1.06714
    0.714536    -0.491662     -1.08396
    0.743541    -0.505044     -1.12004
    0.772045     -0.51814     -1.15501
    0.798442    -0.531639      -1.1733
    0.823928    -0.545389     -1.17914
    0.848329    -0.559249     -1.17595
    0.872971    -0.572947     -1.17291
    0.897566     -0.58668     -1.17373
    0.922901    -0.600258     -1.18074
    0.948805     -0.61359     -1.19335
     0.97564    -0.627319     -1.21428
      1.0033    -0.641154     -1.24445
     1.03343    -0.654351     -1.28362
   -0.681573     0.299615     -1.36349
   -0.651469     0.281186     -1.32897
   -0.621902     0.264063     -1.29914
   -0.592032     0.246562     -1.26727
   -0.563173     0.229939     -1.24089
   -0.534823     0.213789     -1.22047
   -0.507071     0.198567      -1.2038
   -0.478842     0.182782     -1.18762
   -0.451632     0.167687     -1.17351
   -0.424026     0.152047     -1.15694
   -0.396444     0.136703     -1.13998
   -0.368563     0.121092     -1.12002
   -0.340955     0.105415     -1.09946
   -0.313413      0.08936     -1.07836
    -0.28587    0.0736228     -1.05786
   -0.258819    0.0584679     -1.04068
   -0.232134    0.0433074     -1.02605
   -0.205382    0.0285559      -1.0155
   -0.179059    0.0143636     -1.00919
   -0.153021   0.00106135     -1.01178
   -0.127777   -0.0112043     -1.02638
   -0.102023   -0.0223823     -1.06143
  -0.0765898   -0.0321576     -1.11161
  -0.0513184   -0.0432481     -1.14693
  -0.0250236   -0.0556995     -1.16656
  0.00148479   -0.0691353     -1.17094
   0.0283621   -0.0842857     -1.15619
    0.055068    -0.100209     -1.13254
    0.081687    -0.116306     -1.10335
    0.108172    -0.131966     -1.07754
     0.13472    -0.147356     -1.05708
    0.160704    -0.162518     -1.04182
    0.186704    -0.177003     -1.03055
    0.212587    -0.191167     -1.01914
     0.23793    -0.207674    -0.979429
    0.262602    -0.225162    -0.929376
    0.288102    -0.239231    -0.921646
    0.314531    -0.251635    -0.952113
    0.341663    -0.262244      -1.0026
    0.369399    -0.273116     -1.04368
    0.394903    -0.287314     -1.04427
    0.420032    -0.302122     -1.02781
    0.445337    -0.316561     -1.01451
    0.470373    -0.330753     -1.00592
     0.49562     -0.34469     -1.00179
    0.521113     -0.35901     -1.00543
    0.547282     -0.37185     -1.01896
    0.574514     -0.38419     -1.04623
    0.604657    -0.395507      -1.0982
    0.629636    -0.409526     -1.10244
    0.651404    -0.425626      -1.0616
    0.675756    -0.439781     -1.04845
    0.700861    -0.453204     -1.04919
    0.726444    -0.466861     -1.06413
    0.755824    -0.479433     -1.10215
     0.78496    -0.492314     -1.14439
    0.811487    -0.505708     -1.16409
    0.836497    -0.519703     -1.16687
    0.860611    -0.533626     -1.16191
    0.885463    -0.547218     -1.15945
    0.910161    -0.560671      -1.1607
    0.935212    -0.574625     -1.16746
    0.961001     -0.58799     -1.17998
    0.987982    -0.601439     -1.20083
      1.0156    -0.614951     -1.22955
     1.04516    -0.628442     -1.27045
   -0.665305     0.323589     -1.34228
    -0.63559     0.306437     -1.31076
   -0.606354     0.289084     -1.28266
   -0.576928     0.271944      -1.2534
   -0.548366      0.25528      -1.2286
   -0.520012     0.239383     -1.20833
   -0.492369      0.22395     -1.19175
   -0.464286     0.208444     -1.17618
    -0.43697     0.193167     -1.16191
   -0.409508     0.177737     -1.14596
   -0.381783     0.162249     -1.12863
    -0.35416      0.14619     -1.10807
   -0.326636      0.13054     -1.08774
   -0.299034     0.114859     -1.06719
   -0.271635    0.0989903     -1.04727
   -0.244649    0.0836725     -1.03019
   -0.217998    0.0687053     -1.01678
   -0.191473    0.0543256     -1.00894
   -0.165258    0.0401617     -1.00411
   -0.139205     0.026683     -1.00603
   -0.113772    0.0142394     -1.01713
  -0.0874977   0.00263865     -1.04452
  -0.0622533  -0.00731685      -1.0886
  -0.0369379    -0.017534     -1.12887
  -0.0106775   -0.0296351      -1.1486
   0.0157599   -0.0440945     -1.14529
   0.0424658   -0.0600532     -1.12155
   0.0691661   -0.0775099     -1.08224
   0.0957865   -0.0943959     -1.04401
     0.12209    -0.110055     -1.01843
    0.148273    -0.125033      -0.9964
    0.173943    -0.140438    -0.972511
    0.199459    -0.156352    -0.948648
    0.224515    -0.172751    -0.918127
    0.249641    -0.189079    -0.876741
    0.274705    -0.203289    -0.859863
     0.30046    -0.215977    -0.875637
    0.327826    -0.226631    -0.918497
    0.355309    -0.236467    -0.981351
    0.382136    -0.248751     -1.01477
    0.407476    -0.263052     -1.01315
    0.432686    -0.277348     -1.00093
    0.458031    -0.291745     -0.99272
    0.483002    -0.305959     -0.98751
     0.50815    -0.319962    -0.984744
    0.533753    -0.333965    -0.988763
    0.559908    -0.346949     -1.00146
    0.586644    -0.359904     -1.02815
    0.617126    -0.371257     -1.08933
    0.642937    -0.384317     -1.10079
    0.664555    -0.400162     -1.05576
    0.688803    -0.414211     -1.03936
    0.713507    -0.428191     -1.03861
    0.739151    -0.441267     -1.05127
    0.768227    -0.454415     -1.09055
    0.798322    -0.466615     -1.13916
    0.824955    -0.479827     -1.15904
    0.849344    -0.493862     -1.15742
    0.873313    -0.508086     -1.15152
    0.898058     -0.52178     -1.14958
    0.922721    -0.535305     -1.15104
    0.947937     -0.54903     -1.15784
    0.973576    -0.562393     -1.17008
     1.00055    -0.575856     -1.19086
     1.02836    -0.589182     -1.21963
     1.05758    -0.602797      -1.2613
   -0.680077     0.366697     -1.35113
   -0.649535     0.349071     -1.32594
   -0.620194     0.331995     -1.29601
   -0.591073     0.314598     -1.26866
   -0.561949     0.297501     -1.24106
   -0.533516     0.281013     -1.21721
   -0.505369     0.264802     -1.19706
   -0.477625     0.249461     -1.18036
   -0.449668     0.233751     -1.16504
   -0.422385     0.218478     -1.15067
   -0.394904     0.203134     -1.13506
   -0.367316      0.18787     -1.11846
   -0.339836     0.171724     -1.09877
   -0.312523      0.15599     -1.07919
   -0.284963     0.140293     -1.05944
   -0.257634     0.124693     -1.04061
   -0.230828     0.109304     -1.02427
   -0.204243    0.0942396     -1.01125
   -0.177552    0.0801653     -1.00396
   -0.151513    0.0659261     -1.00008
   -0.125595    0.0522917      -1.0017
   -0.100092    0.0396055     -1.00967
  -0.0732614    0.0271319     -1.02797
  -0.0479825    0.0158928     -1.05699
  -0.0222827   0.00566809     -1.08859
  0.00369608  -0.00689125     -1.10265
   0.0300639   -0.0222987     -1.08927
   0.0569677   -0.0398331     -1.04911
   0.0835729     -0.05772      -1.0047
    0.109468   -0.0737413    -0.975478
    0.135544   -0.0887973    -0.953418
    0.161291    -0.104821    -0.923086
    0.186576    -0.121813    -0.885697
    0.211975    -0.137342    -0.856701
      0.2368    -0.152557    -0.833928
    0.261824    -0.167277    -0.817792
     0.28708    -0.180289      -0.8191
    0.313107     -0.19247     -0.83801
    0.339599    -0.203797    -0.874364
    0.367275    -0.213586    -0.944024
    0.394439    -0.224856    -0.984364
    0.419775    -0.239027    -0.985992
    0.445404    -0.252719    -0.981132
    0.470898    -0.266598    -0.978659
    0.496157    -0.280641    -0.977744
    0.521213    -0.294659    -0.975188
    0.546653    -0.308831    -0.976567
    0.572629    -0.321679    -0.987186
    0.599545    -0.334346     -1.01301
    0.630103    -0.345508     -1.07533
    0.657544    -0.357756     -1.10321
    0.678211    -0.374463     -1.05751
    0.702122    -0.388822     -1.03539
    0.726838    -0.402667     -1.03334
    0.752294    -0.415777     -1.04359
    0.781237    -0.428688     -1.08325
    0.812017    -0.440986     -1.13733
    0.838399    -0.454273      -1.1566
    0.862466     -0.46811     -1.15158
    0.886413    -0.482383     -1.14473
    0.911159    -0.496195     -1.14306
    0.935849     -0.50974     -1.14483
    0.960934    -0.523521     -1.15155
    0.986675     -0.53667     -1.16346
     1.01333    -0.550441     -1.18377
      1.0412    -0.563531     -1.21258
     1.07084    -0.576612     -1.25456
   -0.664538     0.392309     -1.33796
   -0.634226     0.374217     -1.31215
   -0.605331     0.357403     -1.28378
   -0.576177     0.340037     -1.25672
   -0.546895      0.32321     -1.22968
   -0.518643     0.306698     -1.20628
   -0.490536      0.29067     -1.18644
   -0.462946     0.274922     -1.16989
   -0.435096     0.259383     -1.15496
   -0.407853     0.244372      -1.1412
   -0.380505     0.228812     -1.12581
   -0.353037      0.21347     -1.11015
   -0.325725     0.197489     -1.09196
   -0.298394     0.181848     -1.07342
    -0.27117     0.166143     -1.05559
   -0.243943     0.150809     -1.03825
   -0.217139     0.135345     -1.02216
   -0.190453     0.120323     -1.00865
   -0.163942     0.105848     -1.00064
   -0.137772    0.0917407    -0.996261
   -0.111659    0.0781805    -0.996681
   -0.086316    0.0652418     -1.00196
  -0.0594415     0.051997     -1.01437
   -0.033744    0.0397693     -1.02963
 -0.00791915    0.0271927     -1.04065
    0.018317    0.0127034       -1.036
   0.0448255  -0.00372435     -1.01005
   0.0714044   -0.0206754    -0.971496
   0.0973738   -0.0367096    -0.941201
    0.122819   -0.0526936    -0.919749
    0.148607    -0.068144    -0.895768
    0.174078   -0.0842201    -0.864167
    0.199408    -0.100392    -0.832527
    0.224617    -0.115142     -0.81029
    0.249481    -0.129835    -0.793583
    0.274419    -0.143898    -0.784008
    0.299741    -0.157062    -0.788348
    0.325441    -0.169579    -0.804844
    0.351228    -0.181121    -0.833188
     0.37842    -0.191891    -0.887758
    0.407178    -0.201137    -0.946815
    0.432687    -0.214099    -0.968212
     0.45839    -0.227797    -0.972151
    0.484222    -0.241339    -0.975375
    0.509737    -0.255043    -0.978416
     0.53482    -0.268897     -0.97611
    0.560002    -0.283084    -0.970908
    0.585515    -0.296651    -0.975801
    0.611422    -0.309843    -0.992299
    0.641332     -0.32063     -1.05096
    0.672486    -0.331271     -1.10773
    0.692293    -0.348106     -1.06199
    0.715331    -0.363562     -1.03263
    0.740241    -0.377083     -1.03036
    0.765482    -0.390467     -1.03949
     0.79424    -0.403264     -1.07715
    0.825566    -0.415132      -1.1347
    0.852449     -0.42798     -1.15569
    0.876097    -0.442349     -1.14907
    0.899925    -0.456441     -1.14111
    0.924721    -0.470144     -1.13933
    0.949217    -0.483995     -1.14106
    0.974348    -0.497685     -1.14772
     0.99983    -0.511211      -1.1595
     1.02662    -0.524791     -1.17953
     1.05422    -0.537971     -1.20779
     1.08404    -0.550824      -1.2501
   -0.649604     0.418391     -1.32964
   -0.619372     0.399744     -1.30135
   -0.590335     0.383311     -1.27362
   -0.561169     0.365778     -1.24579
   -0.532243     0.348777      -1.2196
   -0.504197     0.332396      -1.1974
   -0.476204     0.316254     -1.17812
   -0.448543     0.300528     -1.16188
   -0.420765     0.284992     -1.14699
   -0.393604     0.269956     -1.13345
   -0.366374     0.254296     -1.11844
   -0.338999     0.239025     -1.10368
   -0.311613     0.223449     -1.08675
   -0.284507     0.208158     -1.07035
    -0.25748     0.192517     -1.05435
   -0.230379     0.176829     -1.03749
   -0.203492     0.161392     -1.02086
   -0.176691     0.146317     -1.00641
   -0.150181     0.131641    -0.997414
   -0.123944     0.117667    -0.992549
  -0.0978894     0.104037    -0.991437
  -0.0724658    0.0906863    -0.994007
  -0.0454525    0.0772644     -1.00289
  -0.0195768    0.0645793     -1.00997
  0.00624497    0.0506594     -1.00886
   0.0324417    0.0349653    -0.992848
   0.0588563    0.0186902    -0.965916
   0.0849731   0.00261219    -0.937089
    0.110803   -0.0130692    -0.912663
    0.136484   -0.0291119     -0.88912
    0.161893   -0.0450127      -0.8622
    0.187307   -0.0608181    -0.832719
    0.212627   -0.0764241    -0.806714
    0.237646   -0.0914843    -0.786511
    0.262444    -0.106114    -0.771658
    0.287226    -0.119931    -0.764233
    0.312495    -0.133506    -0.768118
    0.337982    -0.145913    -0.781158
    0.363625    -0.158091    -0.802822
    0.389856    -0.169453    -0.841206
    0.418518    -0.178337    -0.904202
    0.446076     -0.18858    -0.954875
     0.47228    -0.201542    -0.971177
    0.498193    -0.215088    -0.978379
    0.523761    -0.228878    -0.983026
    0.548933    -0.242835    -0.980703
    0.573601      -0.2573    -0.969559
    0.598792      -0.2711    -0.969018
    0.625023     -0.28427    -0.988419
    0.655281    -0.295318     -1.04971
    0.685972    -0.305633     -1.10471
    0.705845    -0.322504     -1.06101
     0.72882    -0.337774     -1.03023
    0.753666    -0.351379     -1.02783
    0.778709    -0.365175      -1.0366
    0.807487     -0.37782     -1.07246
    0.839057    -0.389227     -1.13046
    0.866177     -0.40212     -1.15503
    0.890146    -0.416309     -1.14995
    0.913619    -0.430587     -1.14109
    0.938157    -0.444753     -1.13856
    0.962638    -0.458639     -1.13973
     0.98796    -0.471913     -1.14628
     1.01356    -0.485359     -1.15816
     1.04022    -0.499084     -1.17829
     1.06804    -0.512355     -1.20691
     1.09764    -0.524961     -1.24901
   -0.635081     0.444958     -1.32584
   -0.604766     0.425828     -1.29402
   -0.575758     0.409342     -1.26621
   -0.546637     0.391833     -1.23841
    -0.51785     0.374545     -1.21223
   -0.489766     0.358287     -1.19064
   -0.461909      0.34236     -1.17241
    -0.43428     0.326738     -1.15654
   -0.406556     0.311087     -1.14162
   -0.379554     0.295973     -1.12848
   -0.352295     0.280413     -1.11393
   -0.325084     0.265183     -1.09981
   -0.297706     0.249528     -1.08311
   -0.270667     0.234212     -1.06762
   -0.243719     0.218704     -1.05269
   -0.216637     0.203114     -1.03628
   -0.189719     0.187629     -1.01926
   -0.163109     0.172156     -1.00439
   -0.136423     0.157528    -0.994138
   -0.110228     0.143348    -0.988356
  -0.0841867     0.129264    -0.985899
   -0.058755     0.115977    -0.987041
  -0.0316187     0.102487    -0.993939
 -0.00572261    0.0896998    -0.997996
   0.0200386    0.0751589    -0.993009
   0.0462174    0.0596055    -0.975522
   0.0725342    0.0434712    -0.950733
   0.0985227    0.0274426     -0.92512
    0.124255    0.0118941     -0.90247
    0.150105   -0.0040075    -0.877678
    0.175311   -0.0203914    -0.848498
    0.200579   -0.0364772    -0.819438
     0.22571   -0.0520888    -0.795125
    0.250724   -0.0670458    -0.775791
    0.275523   -0.0816558    -0.761606
    0.300275    -0.095373    -0.755536
     0.32551    -0.108873    -0.759209
    0.350914     -0.12148    -0.770311
     0.37651     -0.13364    -0.790475
    0.402617    -0.144986      -0.8255
    0.430956    -0.154285    -0.886202
    0.459293    -0.163403    -0.946244
    0.485827    -0.175981    -0.967372
    0.511588    -0.189618    -0.975124
     0.53736    -0.203012    -0.979365
    0.562509    -0.217072    -0.976576
    0.586945    -0.231827     -0.96583
    0.612087    -0.245701    -0.966058
     0.63868    -0.258265    -0.986076
    0.667703    -0.270382     -1.03975
    0.698738    -0.279782     -1.09423
    0.719647    -0.296793     -1.05843
    0.742436    -0.312023     -1.02869
    0.767188    -0.325875     -1.02539
    0.792196    -0.339404     -1.03376
    0.821012    -0.352087     -1.06941
     0.85259    -0.363229     -1.12615
    0.879917    -0.376269     -1.15437
    0.904418    -0.390349     -1.15449
    0.928184    -0.404422      -1.1468
    0.952559    -0.418644     -1.14328
    0.976785     -0.43258     -1.14271
     1.00184    -0.446139     -1.14792
     1.02751    -0.459542     -1.15961
     1.05414    -0.473225     -1.17951
     1.08195    -0.486592     -1.20841
     1.11182    -0.499124     -1.25043
   -0.644814     0.482442     -1.29709
   -0.620797     0.471843     -1.31923
   -0.590216     0.452342     -1.28946
   -0.561654     0.435661     -1.26214
   -0.532598     0.418048     -1.23463
   -0.503614     0.401005     -1.20841
   -0.475583     0.384841     -1.18694
   -0.447878     0.368698     -1.16911
   -0.420206      0.35311     -1.15307
   -0.392477     0.337471     -1.13836
   -0.365639     0.322468     -1.12601
   -0.338294     0.306827     -1.11131
   -0.311134     0.291251     -1.09679
   -0.283911     0.275749     -1.08094
   -0.256947     0.260376     -1.06575
   -0.229973     0.244699     -1.05038
   -0.202838     0.229106     -1.03386
   -0.175964     0.213678     -1.01741
   -0.149388      0.19858     -1.00336
   -0.122708      0.18339    -0.992144
  -0.0965196     0.169092     -0.98544
  -0.0704747      0.15515     -0.98344
  -0.0450511     0.141881    -0.985028
  -0.0179368     0.128296    -0.991285
  0.00777275     0.115127    -0.995239
   0.0337125     0.100958    -0.989994
   0.0597805    0.0854276    -0.973287
   0.0861514    0.0692322    -0.948902
    0.112144    0.0531935    -0.923881
    0.137694    0.0376872    -0.902886
    0.163428    0.0219245    -0.880162
    0.188687   0.00516118    -0.851359
    0.213957   -0.0111088    -0.820953
    0.238808   -0.0270835    -0.794475
    0.263837   -0.0421168    -0.774911
    0.288799   -0.0563823     -0.76134
    0.313356     -0.07029    -0.755653
    0.338737   -0.0836638    -0.759625
    0.364086   -0.0964904    -0.771008
    0.389854    -0.108394    -0.791239
    0.415877    -0.119833    -0.829989
    0.445045     -0.12808    -0.894577
    0.472567    -0.137975    -0.944011
    0.498569    -0.151354    -0.958201
    0.524414    -0.164669    -0.963768
     0.55006    -0.178245    -0.967353
    0.575102    -0.192325    -0.965247
    0.599944    -0.206668    -0.960174
    0.625832    -0.220055     -0.96573
    0.652141    -0.232864    -0.983336
    0.680483     -0.24477     -1.02703
    0.712779     -0.25343     -1.09222
    0.733559    -0.270853     -1.06213
    0.756061    -0.286315     -1.02963
    0.780893    -0.300135     -1.02474
    0.805963    -0.313441      -1.0324
    0.834224      -0.3265     -1.06489
     0.86534    -0.337574     -1.11868
    0.893606    -0.350388     -1.15266
    0.919006    -0.364283     -1.16061
    0.943087    -0.378289     -1.15615
    0.967511    -0.392352     -1.15223
    0.991718    -0.406529     -1.15097
     1.01652    -0.420261     -1.15481
     1.04196    -0.433873     -1.16517
     1.06865    -0.447217     -1.18471
     1.09657    -0.460709     -1.21364
     1.12603    -0.473501     -1.25388
   -0.606252     0.498774     -1.31346
    -0.57618     0.479102     -1.28762
   -0.547766     0.462799     -1.26145
   -0.518451     0.445101     -1.23353
   -0.489717     0.427569     -1.20682
   -0.461624     0.411365     -1.18524
   -0.434009     0.395041     -1.16727
   -0.406447     0.379288     -1.15118
   -0.378662     0.363861     -1.13652
   -0.351754     0.348583     -1.12357
   -0.324452     0.333015      -1.1087
   -0.297231     0.317594     -1.09447
   -0.270115     0.301958     -1.07917
   -0.243182     0.286666     -1.06427
   -0.216129     0.270958     -1.04866
   -0.189033     0.255327     -1.03217
   -0.162339     0.239709     -1.01604
   -0.135741     0.224703     -1.00295
   -0.109202     0.209874    -0.993275
  -0.0830273     0.195413    -0.987526
  -0.0570423      0.18184    -0.987291
  -0.0315288     0.168607    -0.989966
 -0.00448256     0.154961    -0.996832
   0.0214723     0.142024     -1.00252
   0.0472766     0.128126    -0.999767
   0.0735027     0.112909     -0.98548
   0.0997059    0.0964021    -0.962213
    0.125836    0.0803241    -0.936741
    0.151345    0.0647119    -0.916579
     0.17702    0.0495546    -0.898082
    0.202543    0.0331967    -0.873212
    0.227465    0.0162996    -0.839992
    0.252493 -0.000481476     -0.80711
    0.277586    -0.015755    -0.784911
    0.302187   -0.0305605    -0.770272
    0.326848    -0.044608    -0.763634
     0.35214   -0.0579149    -0.767873
    0.377801   -0.0703488    -0.780615
    0.403075    -0.082484    -0.805594
    0.431719   -0.0911633    -0.866088
    0.460237   -0.0993787    -0.928406
    0.486327    -0.111864    -0.952392
     0.51212    -0.125623    -0.957703
    0.537511    -0.139601    -0.959245
    0.563132    -0.153308     -0.96037
    0.588277    -0.167099    -0.959173
    0.613714    -0.180898    -0.960295
    0.639807    -0.193789    -0.969668
    0.665804    -0.207098    -0.982596
    0.691701    -0.220974     -1.00665
    0.727695    -0.226953     -1.09643
    0.748321    -0.244248     -1.07338
    0.770005    -0.260351     -1.03435
    0.794627    -0.274771     -1.02775
    0.819716    -0.288153     -1.03483
    0.847764    -0.300917     -1.06471
      0.8786     -0.31183     -1.11436
    0.907317    -0.324494      -1.1518
    0.933749    -0.337824     -1.16678
    0.958505    -0.351624     -1.16712
    0.982664    -0.366066     -1.16388
     1.00683    -0.380475     -1.16224
     1.03153    -0.394212     -1.16482
     1.05705    -0.407663     -1.17428
      1.0837    -0.421092     -1.19332
     1.11162    -0.434508      -1.2219
     1.14118    -0.447226     -1.26019
   -0.592118     0.524999     -1.31358
   -0.562152     0.506419     -1.28812
   -0.533612     0.490043     -1.26174
   -0.504543     0.472119     -1.23389
    -0.47584     0.454565     -1.20706
   -0.447772     0.437987     -1.18474
   -0.420116     0.422026     -1.16672
   -0.392467     0.406242     -1.15051
   -0.364843     0.390364     -1.13528
   -0.337785     0.374908     -1.12138
   -0.310523     0.359314     -1.10663
    -0.28338     0.344005     -1.09324
   -0.256349     0.328383     -1.07831
   -0.229437     0.312869     -1.06274
   -0.202385     0.297053     -1.04641
   -0.175371     0.281149     -1.02974
   -0.148667     0.265729     -1.01377
   -0.122054     0.250716     -1.00108
  -0.0955931     0.236078    -0.993741
  -0.0694906     0.222163     -0.99066
  -0.0433853     0.208758    -0.991802
  -0.0178125     0.195668    -0.996273
  0.00892186     0.182541     -1.00598
   0.0350685     0.169914     -1.01682
   0.0610056     0.157187     -1.02379
   0.0870255     0.142643     -1.02214
    0.113309     0.127089     -1.00702
    0.139574     0.110312    -0.979316
    0.165192    0.0936537    -0.952281
     0.19092    0.0786522      -0.9333
    0.216609     0.063024    -0.914365
    0.241785    0.0466293    -0.884624
    0.266639    0.0285124    -0.845448
    0.291323    0.0119636    -0.814882
    0.315916  -0.00342655    -0.794364
    0.340716   -0.0179972    -0.783017
    0.366024   -0.0308585    -0.786245
    0.391786   -0.0435598    -0.802631
    0.418089    -0.054391    -0.843274
    0.448268   -0.0606398    -0.918495
    0.474605   -0.0718088    -0.958116
    0.501004   -0.0848577    -0.969271
    0.526657   -0.0984898    -0.970904
    0.551944    -0.112874    -0.968902
    0.577248    -0.126871    -0.966869
    0.602198       -0.141    -0.965242
     0.62787    -0.154775    -0.967395
    0.653861     -0.16799    -0.977532
     0.68015    -0.180395    -0.989213
    0.705155    -0.195033     -1.00461
    0.742101    -0.200643     -1.10023
    0.763332    -0.217227     -1.08417
    0.784913    -0.233679     -1.04372
    0.809233    -0.248093     -1.03655
    0.834263    -0.261986     -1.04363
    0.862212    -0.274804     -1.07227
    0.892553    -0.286146     -1.11712
    0.921347    -0.298251     -1.15384
    0.948195    -0.311612     -1.17304
    0.973532    -0.325345     -1.17796
    0.998034    -0.339582     -1.17668
     1.02233    -0.353993     -1.17522
     1.04691    -0.368019     -1.17699
     1.07228    -0.381653     -1.18628
     1.09897    -0.394971     -1.20508
     1.12717    -0.408138     -1.23345
     1.15683    -0.420551     -1.27046
   -0.577964     0.553285     -1.31817
   -0.548536     0.534802     -1.29173
   -0.519863     0.517594     -1.26443
   -0.490901     0.499474     -1.23639
    -0.46208     0.482099     -1.20921
   -0.433973     0.465081       -1.186
   -0.406288     0.448612     -1.16701
   -0.378844     0.432828     -1.15063
    -0.35102     0.416897     -1.13525
   -0.324014     0.401819     -1.12195
   -0.296744     0.385985     -1.10698
   -0.269777     0.370569     -1.09387
    -0.24269     0.355026     -1.07897
   -0.215576     0.339198     -1.06182
    -0.18848      0.32329     -1.04406
   -0.161517     0.307153     -1.02634
   -0.134795     0.291387     -1.00977
   -0.108302     0.276353    -0.997518
  -0.0819255     0.262085    -0.991677
  -0.0557734     0.248149    -0.989155
  -0.0296125     0.234784    -0.990556
 -0.00403138      0.22217    -0.997389
   0.0223175     0.209637     -1.01207
   0.0485564      0.19792      -1.0337
   0.0745789     0.187451     -1.06071
    0.100894     0.176504     -1.08232
     0.12728     0.163089     -1.08549
    0.153739     0.147237      -1.0651
    0.179558     0.128015      -1.0268
    0.205194     0.110215    -0.992067
    0.231043    0.0944073    -0.970014
    0.256514    0.0789166    -0.949702
    0.281612    0.0621473     -0.92069
    0.306475    0.0445517    -0.888875
    0.331019    0.0273586    -0.856307
    0.355323    0.0104895    -0.823927
    0.380186  -0.00329615     -0.81605
    0.406165   -0.0155835    -0.833932
    0.433944   -0.0249621    -0.881237
    0.462802    -0.032066    -0.945577
    0.489579   -0.0440467    -0.980089
    0.516757   -0.0560023    -0.997585
    0.541792   -0.0703491    -0.995222
    0.566708   -0.0855329    -0.989125
     0.59191   -0.0998182    -0.984185
    0.617143    -0.113885    -0.980843
    0.642423    -0.128113    -0.980257
    0.668317     -0.14144     -0.98837
    0.694752    -0.154066     -1.00525
    0.722183    -0.166609     -1.03377
    0.754148    -0.175861      -1.0943
    0.777411    -0.191528     -1.08624
    0.799793    -0.207374     -1.05788
    0.824011    -0.222244     -1.05211
    0.849577    -0.235619     -1.06041
    0.877625    -0.247818     -1.08765
     0.90739    -0.260166     -1.12814
    0.935967    -0.272094     -1.16231
     0.96321    -0.284993     -1.18244
    0.988854    -0.299115     -1.19027
     1.01357    -0.313158     -1.19047
     1.03805    -0.327347     -1.18978
     1.06285    -0.341351     -1.19262
     1.08853    -0.354907     -1.20263
     1.11478    -0.368814     -1.22118
     1.14327    -0.381649      -1.2498
     1.17305    -0.394333      -1.2876
   -0.564276     0.580686     -1.32326
   -0.534908     0.562727     -1.29655
   -0.506143     0.545027     -1.26833
   -0.477336     0.526952     -1.24041
   -0.448491     0.509309     -1.21246
   -0.420302     0.492258     -1.18856
   -0.392471     0.475903     -1.16892
   -0.365093     0.460057     -1.15256
   -0.337311      0.44398     -1.13742
   -0.310314     0.428979     -1.12477
   -0.283174     0.413036     -1.11007
   -0.256134     0.397609     -1.09664
   -0.228937     0.381934     -1.08076
   -0.201957     0.365836     -1.06276
   -0.174696     0.349785     -1.04412
   -0.147708     0.333492     -1.02529
   -0.121146     0.317483     -1.00836
   -0.094568     0.302307    -0.995639
  -0.0682302     0.288064    -0.989877
   -0.042121     0.274029    -0.987316
  -0.0160457     0.260637    -0.988614
  0.00955326     0.247799    -0.996402
   0.0357453     0.236006     -1.01548
   0.0620312     0.225588     -1.05108
   0.0882902     0.218208     -1.09435
    0.114927     0.208171     -1.12452
    0.141276     0.194781     -1.13329
    0.167878     0.179539      -1.1228
    0.194035     0.162441     -1.09695
    0.219961     0.144375     -1.06106
    0.245698     0.126957     -1.03048
    0.271513     0.110449     -1.00928
    0.297006    0.0948487    -0.992978
      0.3228     0.080152     -0.97932
    0.348516    0.0655021     -0.96192
    0.372173    0.0457482    -0.917276
    0.395622    0.0265556     -0.87212
    0.421175    0.0128926     -0.86877
    0.448456     0.002235    -0.900661
    0.475448  -0.00752163    -0.949113
    0.504238   -0.0169055      -1.0005
    0.531844   -0.0276612      -1.0276
    0.556895   -0.0426209     -1.02209
    0.582019   -0.0577591      -1.0126
    0.606941   -0.0725839     -1.00503
    0.632081   -0.0867114    -0.999422
    0.657436    -0.100611     -0.99644
    0.683096    -0.114606      -1.0023
    0.709373     -0.12775     -1.01976
    0.737104    -0.138945     -1.05053
    0.766807     -0.15004      -1.0903
    0.793044    -0.164272     -1.09771
    0.815978    -0.179786     -1.08196
     0.84033    -0.194392     -1.07646
    0.866317    -0.207687     -1.08723
    0.893834     -0.22061     -1.11325
    0.923621    -0.232913     -1.14814
      0.9518    -0.244828     -1.17781
    0.978735    -0.258273      -1.1958
     1.00462    -0.271997     -1.20424
     1.02923    -0.286707     -1.20648
     1.05437    -0.300647     -1.20854
     1.07937    -0.314502     -1.21295
     1.10507    -0.328266     -1.22332
     1.13174      -0.3418     -1.24216
     1.16035    -0.354941     -1.27231
   -0.550889     0.609051      -1.3308
   -0.521903      0.59144     -1.30533
    -0.49257        0.573     -1.27441
   -0.463769     0.554777     -1.24593
   -0.435059     0.537088     -1.21784
   -0.406744     0.519684     -1.19287
   -0.378843     0.503117     -1.17259
   -0.351353     0.487464     -1.15632
   -0.323731     0.471379     -1.14164
   -0.296744     0.456133     -1.12914
   -0.269578     0.440472     -1.11469
   -0.242465     0.424903     -1.10042
   -0.215348     0.408749     -1.08344
   -0.188292     0.392472     -1.06494
   -0.161316     0.376159     -1.04666
   -0.134209     0.359991     -1.02795
    -0.10748     0.344197     -1.01083
  -0.0809428      0.32903    -0.997623
   -0.054542     0.314319    -0.990037
  -0.0284927     0.300311    -0.986793
 -0.00241228     0.286682    -0.987905
   0.0231676     0.274258    -0.997311
   0.0494261     0.262886     -1.02087
   0.0761621     0.254146     -1.06539
    0.101797     0.246037     -1.10976
    0.128741       0.2355     -1.13667
    0.155283      0.22238     -1.14775
    0.181858     0.207691       -1.142
    0.208171     0.191515     -1.12483
    0.234413      0.17491     -1.10173
    0.260212     0.157891     -1.07549
     0.28632     0.141841     -1.05566
     0.31219     0.126212     -1.04073
    0.337975     0.111055     -1.03043
    0.363932    0.0964508      -1.0251
     0.39003    0.0825654     -1.01682
    0.414438    0.0652029     -0.98534
    0.438794    0.0478253    -0.961849
    0.464698    0.0339003    -0.967599
    0.491775    0.0221295    -0.997038
     0.52095    0.0141784     -1.04287
    0.546919  0.000519399     -1.05385
    0.572057   -0.0148349     -1.04545
    0.597186   -0.0298411     -1.03604
    0.622645   -0.0442268     -1.02763
    0.647591   -0.0588176     -1.02055
    0.672288   -0.0737587     -1.01687
    0.698297   -0.0875144     -1.02122
    0.724683      -0.1003     -1.03577
    0.752887    -0.111819     -1.06653
    0.782781    -0.122708     -1.10893
    0.809401    -0.136114     -1.12735
    0.833173    -0.151303     -1.11566
    0.857356     -0.16644     -1.11053
    0.884549     -0.17933     -1.12412
    0.911972    -0.191637     -1.14724
    0.940377     -0.20492     -1.17378
    0.967929    -0.218031     -1.19727
    0.994627    -0.231215     -1.21273
     1.02056    -0.245054     -1.22163
     1.04564    -0.259416     -1.22632
     1.07126    -0.273354     -1.23138
     1.09664    -0.287333      -1.2374
      1.1225    -0.301058     -1.24811
     1.14926    -0.314526     -1.26789
     1.17849    -0.327242     -1.30502
   -0.508905     0.620511     -1.31663
   -0.479142     0.601438     -1.28321
   -0.450332     0.583156     -1.25385
   -0.421543     0.565308     -1.22516
   -0.393265     0.547646     -1.19959
   -0.365425     0.530919     -1.17864
   -0.337952     0.515027     -1.16187
   -0.310169     0.498724     -1.14655
   -0.283282     0.483621      -1.1341
   -0.256079     0.467607     -1.11924
   -0.228912     0.451939     -1.10458
    -0.20174     0.435866     -1.08792
   -0.174664     0.419932     -1.07016
   -0.147781     0.403486     -1.05222
   -0.120586     0.387234     -1.03308
  -0.0939704     0.371176     -1.01556
  -0.0675458     0.355524     -1.00152
  -0.0410397     0.340797     -0.99252
   -0.014879     0.326461    -0.987466
   0.0111675     0.312513    -0.987217
   0.0368733     0.300539    -0.997824
   0.0630419     0.289894     -1.02586
   0.0901768     0.281892     -1.07281
    0.115919     0.273392     -1.11215
    0.142657       0.2621     -1.13777
    0.169521     0.251238     -1.15785
     0.19587     0.235954     -1.15289
    0.222234     0.218709     -1.13286
    0.248604     0.203634     -1.11967
    0.274785     0.187367     -1.10114
    0.300837     0.171272     -1.08436
    0.326844     0.155784     -1.07139
    0.352745     0.140504     -1.06081
    0.378538     0.125418     -1.05236
    0.404685     0.110875     -1.04899
    0.430886     0.097106     -1.04901
    0.457339     0.084095     -1.05394
    0.483506    0.0704461     -1.05782
    0.509842    0.0561737     -1.06521
    0.536272    0.0427468     -1.07471
     0.56195    0.0283847     -1.07255
    0.587185    0.0132515     -1.06526
    0.612675  -0.00137762     -1.05793
    0.637975   -0.0161999     -1.05014
    0.662892   -0.0311752     -1.04302
    0.687942   -0.0457248     -1.04003
    0.713683   -0.0599684     -1.04479
    0.740377    -0.072758     -1.05809
     0.76796   -0.0846288     -1.08403
    0.797638   -0.0959731     -1.12568
    0.826162    -0.107884      -1.1536
    0.850501    -0.122961     -1.15019
    0.875854    -0.137221     -1.14962
    0.902618    -0.150502     -1.16103
    0.929426    -0.163628     -1.17727
    0.956623    -0.177094     -1.19633
    0.984196    -0.190723     -1.21569
     1.01085    -0.203908     -1.23031
     1.03691    -0.217955     -1.24089
     1.06259     -0.23187     -1.24869
     1.08866    -0.245833     -1.25718
     1.11404     -0.26021     -1.26557
     1.14049    -0.273812     -1.27983
     1.16832    -0.286853     -1.30675
   -0.495892     0.650319     -1.32973
   -0.465861     0.630679     -1.29496
   -0.437122      0.61234     -1.26516
   -0.408392     0.593909     -1.23489
   -0.379743     0.576137     -1.20754
   -0.351816     0.558851     -1.18533
   -0.324537     0.542695     -1.16786
   -0.296612     0.526228     -1.15146
   -0.269664     0.510828     -1.13832
   -0.242448     0.494873     -1.12376
   -0.215208     0.479669     -1.11001
   -0.188134     0.463666     -1.09463
   -0.161142     0.447534     -1.07789
   -0.134332     0.431575     -1.06081
   -0.107154     0.414611     -1.04092
  -0.0804882     0.398477     -1.02297
  -0.0539479     0.382736     -1.00793
  -0.0274725     0.367792    -0.998098
 -0.00124185     0.353458    -0.992418
   0.0248873     0.339441    -0.990263
   0.0506677     0.327394    -0.999928
   0.0766449     0.317049     -1.02946
    0.103883     0.308352     -1.07316
    0.129765     0.299062      -1.1074
    0.156558     0.287845     -1.13223
    0.183495      0.27705     -1.15225
    0.209858     0.262152      -1.1486
    0.236272     0.245017      -1.1307
    0.262789     0.230867     -1.12459
    0.289178     0.216131     -1.11677
    0.315207     0.199931     -1.10278
    0.341162     0.183746     -1.08896
    0.367192     0.168894     -1.07801
     0.39303     0.153603     -1.06834
    0.418981     0.138404     -1.06114
    0.445045     0.124219     -1.05832
    0.471225     0.110381     -1.06145
    0.497426    0.0968317      -1.0683
    0.524388    0.0838019     -1.07763
     0.55081    0.0700715     -1.08487
    0.576748    0.0559804     -1.08681
    0.602224    0.0411646     -1.08324
    0.627876    0.0266431     -1.07835
    0.653299    0.0117549     -1.07247
    0.678589  -0.00291388     -1.06656
    0.703809   -0.0175302      -1.0641
     0.72975   -0.0315817     -1.06939
    0.756584   -0.0442277     -1.08375
    0.784183   -0.0567594     -1.10717
    0.813195   -0.0682118     -1.14148
    0.841095   -0.0805473     -1.16647
    0.866975   -0.0950769     -1.17317
    0.892829    -0.108915     -1.17831
    0.919133    -0.122663     -1.18693
      0.9458    -0.136127     -1.19934
    0.972268     -0.14976     -1.21407
     1.00019    -0.163358     -1.23164
      1.0269    -0.176545     -1.24667
     1.05344    -0.190391        -1.26
     1.07973    -0.204217     -1.27182
     1.10661    -0.217664     -1.28563
     1.13313    -0.231383     -1.30042
     1.16053    -0.245157     -1.32362
     1.19079    -0.257732      -1.3678
    -0.45286     0.659483     -1.30811
   -0.423927     0.641704      -1.2776
   -0.395087     0.622743     -1.24497
   -0.366325        0.604     -1.21516
   -0.338326     0.586806     -1.19208
   -0.310921     0.570913      -1.1747
   -0.283006     0.554214     -1.15786
   -0.255984     0.538575     -1.14439
    -0.22886      0.52281     -1.13056
   -0.201704     0.507438     -1.11709
   -0.174664     0.491346     -1.10241
   -0.147702     0.475207     -1.08622
   -0.120846     0.459184     -1.06981
  -0.0936605     0.442738     -1.05125
  -0.0669574     0.426535     -1.03361
  -0.0403887     0.410787     -1.01812
  -0.0139282     0.395434      -1.0072
   0.0123887      0.38106     -1.00075
   0.0384333     0.366482    -0.995602
   0.0642792     0.353489     -1.00301
   0.0903053     0.343994     -1.03154
    0.117751     0.334169     -1.06844
    0.143532     0.324593     -1.09837
     0.17045     0.313815     -1.12243
    0.197082     0.301093     -1.13684
    0.223651      0.28723     -1.13684
    0.250066     0.271213     -1.12552
    0.276541     0.256742     -1.12211
    0.303308     0.243369     -1.12303
    0.329425      0.22825     -1.11716
    0.355369     0.211852     -1.10476
    0.381285     0.196183     -1.09113
    0.407359     0.181334     -1.07971
    0.433138     0.165788      -1.0704
    0.459283     0.151381     -1.06459
    0.485074     0.136683     -1.06357
    0.511303     0.122993     -1.06753
    0.537913     0.109477     -1.07563
    0.564666    0.0963183     -1.08578
    0.591102    0.0828991     -1.09473
    0.617268    0.0689679     -1.09881
    0.643107     0.054667     -1.09845
    0.668664     0.039659     -1.09525
    0.694351    0.0255043     -1.09147
    0.719877    0.0110256     -1.08939
    0.745467   -0.0034643     -1.09252
     0.77279   -0.0158247     -1.10517
    0.799608   -0.0291282     -1.12472
    0.827532   -0.0418729     -1.14997
    0.855199   -0.0540716     -1.17036
    0.881834   -0.0679241     -1.18328
    0.908746    -0.081228     -1.19458
    0.934992   -0.0952733     -1.20489
    0.961779    -0.108616     -1.21695
    0.987951    -0.122547     -1.23029
     1.01607    -0.136177     -1.24755
     1.04305    -0.148993     -1.26417
     1.07027    -0.162416       -1.281
      1.0972    -0.176113     -1.29741
     1.12488    -0.189217     -1.31769
     1.15322    -0.202407     -1.34431
      1.1833     -0.21522     -1.38444
   -0.439646     0.689207     -1.32243
   -0.410692     0.670889     -1.28905
   -0.381735      0.65119     -1.25494
   -0.353009     0.632438     -1.22434
    -0.32492     0.614768     -1.20027
   -0.297452     0.598973     -1.18301
   -0.269577     0.582345     -1.16658
   -0.242498     0.566757     -1.15332
   -0.215479     0.550891     -1.13987
   -0.188323     0.535213     -1.12597
   -0.161174     0.519359     -1.11175
   -0.134204     0.503491     -1.09632
   -0.107362     0.487444      -1.0803
   -0.080202     0.470845     -1.06264
  -0.0535657     0.454764     -1.04605
  -0.0268801     0.439043      -1.0308
-0.000454734      0.42349     -1.01881
   0.0259511     0.408615     -1.01067
   0.0521572     0.393792     -1.00308
   0.0780912     0.380268     -1.00714
    0.103885     0.370112     -1.03093
    0.131655     0.359722     -1.06168
    0.157434     0.349718     -1.08754
    0.184588      0.33978     -1.11301
    0.210979     0.326799     -1.12736
     0.23768     0.312973     -1.12875
    0.264197     0.297744     -1.12093
    0.290537     0.283245     -1.11855
    0.317062     0.269726     -1.12427
    0.343505     0.255646     -1.12613
    0.370238     0.241114     -1.12092
    0.395836     0.224723     -1.10726
    0.421667     0.208942      -1.0918
    0.447387     0.193147     -1.07963
    0.473389     0.178228     -1.07181
    0.499076     0.163276     -1.06751
    0.525145     0.149283     -1.06862
    0.551777     0.135795     -1.07443
    0.578312     0.122254     -1.08361
    0.605003     0.109321     -1.09493
    0.631981      0.09652     -1.10632
    0.658386    0.0830344     -1.11444
    0.684451    0.0684488     -1.11716
    0.710177    0.0540772     -1.11585
    0.735581    0.0388982     -1.11427
     0.76123    0.0248432     -1.11575
    0.787929    0.0112488     -1.12476
    0.814971  -0.00163908     -1.14017
    0.842495    -0.014463     -1.16034
    0.869882   -0.0275261     -1.17844
    0.896852   -0.0408443     -1.19273
    0.924229   -0.0539191      -1.2071
    0.950883    -0.067578     -1.21991
    0.977753     -0.08094     -1.23303
     1.00407   -0.0946612     -1.24692
     1.03235    -0.108452      -1.2655
     1.05986    -0.121088     -1.28573
     1.08769    -0.134159     -1.30674
     1.11567    -0.147372     -1.33016
     1.14492    -0.159854     -1.36029
     1.17585    -0.172107     -1.40116
   -0.397626     0.700337     -1.30331
   -0.368503     0.680663     -1.26849
   -0.339525     0.661559      -1.2366
   -0.311471     0.644158     -1.21192
   -0.284069     0.627714     -1.19409
    -0.25637     0.611157     -1.17814
   -0.229197     0.595252     -1.16459
   -0.202004     0.579626     -1.15117
   -0.174857     0.563758     -1.13683
    -0.14764     0.548038     -1.12262
   -0.120744      0.53183     -1.10761
  -0.0938197     0.515977     -1.09242
  -0.0667868     0.499254      -1.0755
  -0.0400735     0.483151     -1.05965
  -0.0133959      0.46759     -1.04536
    0.013102     0.451911     -1.03241
   0.0395451     0.436525     -1.02263
   0.0658124      0.42214     -1.01545
   0.0918058     0.407848     -1.01441
    0.117661     0.396293     -1.03022
     0.14547     0.385873     -1.05746
     0.17128     0.375228     -1.07919
    0.198302     0.365237     -1.10439
    0.224992     0.353307     -1.12382
    0.251733     0.339425     -1.12682
    0.277963     0.324177     -1.12002
    0.304419     0.309502     -1.11776
    0.331172     0.296562     -1.12608
    0.358088     0.283649     -1.13243
    0.384624     0.269051     -1.13263
    0.410585     0.253791     -1.12431
    0.436375      0.23766     -1.10747
    0.461845     0.220969     -1.09081
    0.487541     0.205384     -1.08015
    0.513524     0.190692     -1.07345
    0.539371     0.176324     -1.07203
    0.565728     0.162464     -1.07633
    0.592275      0.14874     -1.08442
    0.618943     0.135772     -1.09455
    0.645817     0.122973     -1.10719
    0.672751      0.10992     -1.12163
    0.699916    0.0969086     -1.13388
    0.726097    0.0827477     -1.13927
     0.75198    0.0683191     -1.14103
    0.777997     0.054234      -1.1437
    0.804309     0.039927      -1.1504
     0.83102    0.0266005      -1.1615
    0.858143    0.0133457      -1.1759
    0.885467  0.000349508     -1.19087
    0.912218   -0.0131419     -1.20428
    0.939328   -0.0267952     -1.21877
    0.966518   -0.0398554     -1.23385
    0.993738   -0.0532824     -1.25002
     1.02101   -0.0661882     -1.26742
     1.04919   -0.0799393     -1.28916
     1.07757   -0.0927583     -1.31487
     1.10626    -0.105323     -1.34202
     1.13586    -0.118129     -1.37465
     1.16694    -0.129678     -1.41381
   -0.384699      0.73123      -1.3232
   -0.355514     0.711296     -1.28744
   -0.326533     0.691415     -1.25338
   -0.298359     0.673695     -1.22701
   -0.270744     0.656852     -1.20792
   -0.243125     0.640477     -1.19199
   -0.215724     0.624424     -1.17762
   -0.188652     0.608537     -1.16411
   -0.161367     0.592393     -1.14843
   -0.134089     0.576244     -1.13313
   -0.107178     0.560362     -1.11882
  -0.0803993     0.544536     -1.10555
  -0.0532991     0.528366     -1.09053
   -0.026467     0.512286     -1.07553
 0.000101585     0.496498     -1.06153
   0.0266348     0.480657     -1.04765
   0.0532729     0.465028     -1.03586
   0.0794819     0.450345     -1.02808
    0.105556     0.435849     -1.02384
    0.131418     0.423065      -1.0329
    0.159299     0.412706     -1.05691
    0.185172     0.400866     -1.07561
    0.211698      0.39046     -1.10087
    0.239136     0.380226      -1.1235
    0.265551     0.366042     -1.12748
    0.292112     0.351478     -1.12339
    0.318419     0.336517     -1.12099
    0.345435     0.323971     -1.13057
    0.372047     0.310881     -1.13959
    0.398972     0.296597     -1.14137
    0.425188     0.282177     -1.13745
    0.451029     0.266206     -1.12329
    0.476447     0.249105     -1.10363
    0.502074      0.23315     -1.09043
    0.527801     0.217995     -1.08204
    0.553827     0.203634     -1.07934
    0.579811     0.189338     -1.08224
    0.606528     0.175667     -1.08951
     0.63316     0.162581      -1.0989
    0.659966     0.149515     -1.11073
    0.686931     0.136566     -1.12594
    0.714732     0.124207     -1.14388
    0.741743     0.111199      -1.1573
    0.768386    0.0975239     -1.16564
     0.79456    0.0832318      -1.1714
    0.820758    0.0689371     -1.17756
    0.847468    0.0552336     -1.18641
    0.873955    0.0413609     -1.19586
    0.901075    0.0281562     -1.20706
    0.927779    0.0147076     -1.21869
    0.955113     0.001139     -1.23447
    0.982845   -0.0117181     -1.25305
     1.01079   -0.0245147     -1.27333
     1.03895   -0.0373288     -1.29643
     1.06736   -0.0503664     -1.32304
     1.09764   -0.0627491     -1.35553
     1.12711   -0.0751004     -1.38936
     1.15783   -0.0870744     -1.42755
   -0.342782     0.743044     -1.31196
   -0.313722        0.722     -1.27494
   -0.285353      0.70417     -1.24681
   -0.257504     0.687164     -1.22631
   -0.230001     0.670503     -1.20905
   -0.202406     0.653618     -1.19274
   -0.175311      0.63799     -1.17928
   -0.147874     0.621637     -1.16241
   -0.120582     0.604971      -1.1459
  -0.0935872     0.588965     -1.13159
   -0.066822     0.573671     -1.12043
  -0.0398418     0.557896     -1.10805
  -0.0129249     0.541949     -1.09442
   0.0136762     0.525954     -1.07993
    0.040229     0.509592      -1.0639
   0.0669691     0.493636      -1.0495
   0.0931977     0.478203     -1.03867
    0.119422     0.463154     -1.03166
     0.14533     0.450471     -1.03789
    0.173051     0.439439     -1.05892
    0.199021     0.427529     -1.07673
    0.225706      0.41728     -1.10011
    0.253199     0.406777      -1.1234
    0.279797      0.39369     -1.13206
    0.306145     0.379095     -1.13119
    0.332484     0.364134     -1.12876
    0.359639     0.351756     -1.13876
    0.386443     0.338788     -1.14857
    0.413128     0.324251     -1.15034
    0.439574     0.309704     -1.14704
    0.465576     0.294334     -1.13543
    0.491296     0.277716     -1.11649
    0.516833     0.261444     -1.10253
    0.542423     0.245913     -1.09329
     0.56832     0.231167     -1.08946
     0.59428     0.216896     -1.09149
     0.62104     0.202968     -1.09827
    0.647632     0.189963     -1.10742
    0.674626     0.177121     -1.11947
    0.701599     0.164114     -1.13405
    0.729245     0.151449     -1.15274
    0.756611      0.13851     -1.17022
    0.783817     0.125472     -1.18435
    0.810823     0.112179     -1.19504
     0.83727    0.0981152     -1.20354
    0.864306    0.0843998     -1.21348
    0.891012    0.0708769       -1.222
    0.917458    0.0566988     -1.23132
    0.944161    0.0428428     -1.24276
    0.972119     0.029963     -1.26077
     1.00033    0.0171449     -1.28336
     1.02894   0.00465211     -1.30801
     1.05803  -0.00758545     -1.33676
     1.08741   -0.0196938     -1.36791
     1.11847   -0.0318804     -1.40387
     1.14877   -0.0437076     -1.44225
   -0.301148     0.754949     -1.30401
   -0.272588     0.735741     -1.27219
   -0.244509     0.718295     -1.24928
   -0.217079     0.701295     -1.23069
    -0.18906     0.683925     -1.21198
   -0.161828     0.668214     -1.19797
   -0.134548     0.651709     -1.18163
   -0.107209     0.635202     -1.16507
  -0.0801055     0.618956     -1.15029
  -0.0532681     0.603534     -1.13934
  -0.0263679     0.587997     -1.12803
 0.000697313     0.571982     -1.11496
   0.0272981     0.555989     -1.10111
   0.0539029     0.539317     -1.08377
   0.0806826     0.522516     -1.06573
    0.107041     0.506322     -1.05099
    0.133143     0.491185     -1.04285
    0.159242     0.478164     -1.04776
    0.186652     0.467023     -1.06647
    0.213248     0.455235      -1.0843
    0.239735     0.444656     -1.10601
    0.267175      0.43475     -1.13078
    0.294099     0.422457     -1.14631
    0.320573      0.40778      -1.1448
     0.34683     0.392482     -1.14222
    0.374062     0.380089     -1.15154
    0.401027     0.367252     -1.16035
    0.427526     0.352497     -1.16128
    0.454079     0.337847     -1.15542
    0.479946     0.322008      -1.1431
      0.5055     0.305328     -1.12686
    0.531368     0.289144      -1.1144
    0.556968     0.273582     -1.10581
    0.583033     0.259112     -1.10199
    0.609032     0.244924     -1.10409
    0.636134     0.231236     -1.11132
    0.662533     0.217861     -1.12033
     0.68956     0.204942     -1.13268
    0.716691     0.192037     -1.14731
    0.744468     0.179714     -1.16566
    0.772046     0.166967     -1.18433
    0.799559     0.153945     -1.20162
    0.827112     0.141247     -1.21672
    0.854088     0.127794     -1.22921
    0.881634     0.114422     -1.24231
    0.908667     0.100943     -1.25386
    0.935346    0.0867572     -1.26609
     0.96261    0.0730918     -1.28158
    0.991078    0.0606203     -1.30324
     1.02006    0.0480553     -1.33027
     1.04971    0.0363166     -1.35917
     1.07973    0.0245552     -1.39058
     1.10917    0.0119001     -1.42311
     1.13948 -8.06502e-05     -1.45896
   -0.259785     0.768454      -1.3032
   -0.231543     0.750321     -1.27654
   -0.204065     0.733627     -1.25735
   -0.175944     0.715489     -1.23709
   -0.148557     0.699664     -1.22162
   -0.121195     0.682989     -1.20562
  -0.0938733     0.666559     -1.18906
   -0.066753     0.649828     -1.17373
  -0.0397144      0.63414     -1.16138
   -0.012819     0.618459     -1.14989
   0.0142454     0.602247     -1.13728
   0.0409141     0.586492      -1.1251
   0.0676927     0.570119     -1.10861
   0.0943926     0.552628     -1.08756
      0.1209     0.535508     -1.06805
    0.147126     0.520079     -1.05899
    0.173447     0.507454     -1.06419
    0.200461     0.495967      -1.0799
    0.227654     0.484056     -1.09752
    0.254123     0.473309     -1.11834
    0.281453     0.463186     -1.14417
    0.308789     0.452528     -1.16647
    0.335021     0.437049     -1.16721
     0.36206     0.423202     -1.16624
     0.38888     0.409772     -1.17102
     0.41584     0.396444     -1.17534
    0.442169     0.381181     -1.17282
    0.468445     0.365528     -1.16282
    0.494174     0.349044      -1.1493
    0.520063     0.333485     -1.13664
    0.546166     0.317622     -1.12695
    0.571733     0.301805     -1.11997
    0.597908     0.287507     -1.11749
    0.624156     0.273654     -1.12023
     0.65135     0.259884     -1.12854
     0.67817     0.246849     -1.13888
     0.70497     0.233614     -1.15145
    0.732409     0.220784     -1.16669
    0.760136     0.208437     -1.18565
    0.788008     0.195873     -1.20567
    0.815876     0.183539     -1.22475
    0.843374     0.170525     -1.24248
    0.870994     0.157613     -1.25947
    0.899273     0.144785     -1.27797
     0.92733       0.1319     -1.29691
    0.955729     0.119224     -1.31686
    0.984205     0.106433     -1.33939
     1.01322    0.0941866     -1.36406
     1.04263    0.0818638     -1.39202
     1.07209      0.06951     -1.42252
     1.10197      0.05698     -1.45488
   -0.247343     0.802957     -1.34202
   -0.218836     0.783647     -1.30974
   -0.191105     0.765854     -1.28732
   -0.162993     0.747944     -1.26575
   -0.135272     0.731147     -1.24726
   -0.107889     0.714307     -1.23037
  -0.0805453     0.697675      -1.2131
  -0.0532503     0.680931     -1.19745
   -0.026168     0.664755     -1.18395
 0.000840752     0.649281     -1.17271
   0.0279093     0.633102      -1.1613
   0.0547658     0.617613     -1.15083
   0.0815261     0.601781      -1.1374
    0.108255     0.584291     -1.11604
    0.134815     0.565546     -1.09173
    0.161021     0.549716     -1.07932
    0.187816     0.537146     -1.08299
    0.214149     0.525425     -1.09724
    0.241968     0.513531     -1.11633
    0.268543     0.503219     -1.13907
    0.296103     0.493989      -1.1691
     0.32369     0.483851      -1.1951
    0.350755     0.470925     -1.20416
    0.377261     0.455309     -1.20117
    0.403892     0.440188     -1.19672
    0.430529     0.425375     -1.19321
    0.456909      0.40995       -1.185
      0.4831     0.393562       -1.171
     0.50879     0.377122     -1.15774
    0.534703      0.36158     -1.14812
     0.56097     0.346183     -1.14163
    0.586826     0.330797     -1.13674
     0.61304     0.316135     -1.13577
    0.639616     0.302703     -1.13986
    0.666798     0.289214     -1.14942
    0.693758       0.2758     -1.16228
    0.721147     0.263166     -1.17764
    0.748784     0.250678     -1.19559
    0.776852     0.238829     -1.21679
    0.805227     0.226471     -1.23983
    0.833893     0.214905     -1.26265
    0.862227     0.202654     -1.28569
    0.890717     0.190026      -1.3082
    0.919419     0.177942     -1.33099
    0.948045      0.16464     -1.35458
    0.976851     0.152358     -1.37854
     1.00581     0.139655     -1.40413
     1.03521     0.127468     -1.43153
      1.0653     0.115696     -1.46238
   -0.178099     0.799231     -1.32167
   -0.150208     0.781695     -1.29918
   -0.122073     0.763079     -1.27634
  -0.0945825     0.746156     -1.25767
  -0.0670681     0.728983     -1.23846
  -0.0396052     0.712206     -1.22195
  -0.0124631     0.695803     -1.20797
   0.0145397     0.680266     -1.19769
   0.0415226     0.664448     -1.18846
   0.0686042     0.649007     -1.17957
   0.0954633     0.633867     -1.16987
    0.122167      0.61682     -1.15164
    0.148957      0.59814     -1.12585
    0.175385     0.581017     -1.10651
     0.20185     0.566462      -1.1037
    0.228076     0.555408     -1.11816
     0.25636     0.544107     -1.14099
    0.283386      0.53426     -1.16633
    0.310827     0.524849      -1.1974
    0.338839     0.515636     -1.22537
    0.365989     0.503178     -1.23843
    0.392836     0.488034     -1.23638
     0.41925     0.471783     -1.22659
    0.445626     0.455624     -1.21459
    0.471638     0.438955     -1.19943
    0.497805     0.421921     -1.18329
    0.523815     0.406024     -1.17176
    0.550005     0.390834     -1.16466
    0.576296     0.375607      -1.1607
    0.602646     0.360975     -1.15902
    0.628809     0.346239     -1.16005
    0.655426     0.332498     -1.16627
    0.682652       0.3193     -1.17868
    0.710483     0.306671     -1.19577
    0.738395     0.294649     -1.21534
    0.766486     0.282628     -1.23733
    0.795119     0.270927     -1.26053
    0.823554     0.258691     -1.28591
    0.852446     0.246959     -1.31237
     0.88132     0.234926     -1.33951
    0.910995     0.223295      -1.3673
    0.939963     0.211138     -1.39256
    0.969103     0.198757     -1.41824
    0.999212     0.186898     -1.44764
   -0.137375     0.816976      -1.3413
    -0.10894     0.797128      -1.3151
  -0.0812885     0.780233     -1.29476
  -0.0536061     0.762473     -1.27435
   -0.026274     0.745004     -1.25613
  0.00113797      0.72876     -1.24181
   0.0283169     0.713124     -1.23192
   0.0552986     0.697914      -1.2246
   0.0825489     0.682639     -1.21756
    0.109517     0.667591     -1.21036
     0.13648     0.651644       -1.197
    0.163165      0.63306     -1.17305
    0.189813     0.614229     -1.14735
    0.216223     0.598445     -1.13591
    0.242927     0.586714     -1.14632
    0.270592     0.575631     -1.16888
    0.298292     0.565467     -1.19644
    0.325905     0.556964     -1.22653
    0.353515     0.546215     -1.25178
     0.38092     0.533826     -1.26576
    0.408147      0.51967     -1.26666
    0.434764     0.503476     -1.25556
    0.461004     0.486469     -1.23845
    0.486855     0.468984      -1.2191
    0.512822     0.451382     -1.20289
     0.53906     0.435665     -1.19253
    0.565435     0.420742     -1.18697
    0.591722     0.405659     -1.18487
    0.618536     0.391436     -1.18692
     0.64546     0.377889     -1.19267
    0.672605     0.364649     -1.20396
    0.700153     0.352306     -1.22075
    0.728865      0.34045     -1.24345
    0.757267     0.328505     -1.26718
    0.785593     0.316384     -1.29153
    0.814273      0.30451     -1.31755
    0.843955      0.29381     -1.34726
    0.873696     0.282776     -1.37978
  -0.0681301     0.817546     -1.34852
  -0.0404644     0.799717     -1.32776
  -0.0129356      0.78216      -1.3087
   0.0146222     0.765579     -1.29396
    0.042084     0.749681     -1.28306
   0.0691664     0.734223     -1.27594
   0.0965531     0.719288      -1.2709
    0.123729     0.704288     -1.26579
    0.150888     0.688686      -1.2568
    0.177703     0.671572     -1.23974
    0.204571     0.652712     -1.21515
    0.230939     0.634142     -1.19466
    0.258075     0.620616     -1.19534
    0.284768     0.609299     -1.21112
    0.313428     0.597907     -1.23416
    0.341262     0.589344     -1.26176
    0.369074     0.578949     -1.28554
    0.396574      0.56648     -1.29811
    0.423703     0.551958     -1.29774
    0.450279     0.534998     -1.28543
    0.476455     0.517434     -1.26678
    0.502519      0.50028     -1.24843
    0.528724     0.483187     -1.23307
    0.554763     0.466753     -1.22234
    0.581329     0.451893     -1.21766
    0.607742     0.436918     -1.21702
    0.634737     0.422478       -1.222
    0.662076     0.409497     -1.23311
    0.689923     0.397426     -1.25052
   0.0282103     0.805855      -1.3627
   0.0558232     0.789481     -1.35001
   0.0832565     0.773715     -1.34185
    0.110585     0.758779     -1.33757
    0.138171      0.74342     -1.33417
    0.165471     0.728834     -1.33053
    0.192879     0.713362     -1.32308
    0.220041     0.697105      -1.3119
    0.247146     0.680532     -1.29981
    0.274445     0.664804     -1.29317
     0.30157     0.651141     -1.29549
    0.329308     0.638952     -1.30507
    0.357155     0.624574      -1.3176
    0.384744     0.612885     -1.33031
    0.412436     0.600061     -1.33717
    0.439396     0.584874     -1.33502
    0.466345     0.568439     -1.32431
    0.492613     0.550675     -1.30697
    0.519079     0.533842     -1.29109
    0.545472     0.517305     -1.27738
    0.571553     0.500108     -1.26612
    0.598288     0.485248     -1.26182
    0.625237     0.470939     -1.26349
     0.65227     0.456412     -1.27163
    0.346587     0.684225     -1.41559
    0.374259     0.669034     -1.41096
    0.401984     0.651905     -1.40457
    0.429073     0.636348      -1.3973
    0.456102     0.620279     -1.38898
    0.483133     0.604175     -1.37892
     0.50998     0.587641     -1.36612
    0.536848     0.571193     -1.35382
    0.563378     0.554561     -1.34291
    0.589953     0.537619     -1.33392