V
    0.506584    0.0714764     -1.48739
    0.506148     0.103095     -1.46985
    0.504896      0.13477     -1.45158
    0.503822     0.166685     -1.43111
    0.502144     0.198263     -1.40887
    0.500886     0.229517     -1.39233
    0.499606     0.260979      -1.3813
    0.497683     0.291753     -1.37376
    0.497006     0.322397     -1.37517
    0.484591    -0.116961     -1.46919
    0.483745   -0.0831471     -1.43479
    0.481868   -0.0510979     -1.42082
    0.481445   -0.0206348     -1.42373
    0.478799    0.0106797     -1.42769
    0.477338    0.0415751     -1.43122
     0.47666    0.0720418     -1.43072
    0.475641     0.103647     -1.41914
    0.474427     0.135361     -1.40036
    0.472942     0.167218     -1.37573
    0.471601     0.198661     -1.35325
    0.470524      0.22972     -1.33819
    0.469382     0.260837     -1.32847
    0.467804     0.291221     -1.32328
    0.466576     0.321745     -1.32433
    0.466105     0.352179     -1.33039
    0.464811     0.382656     -1.34037
    0.456174     0.567021     -1.43614
    0.458439    -0.242057     -1.46469
    0.457128    -0.209025     -1.44103
    0.456132    -0.175414     -1.40497
    0.455236    -0.140603     -1.35694
    0.454317    -0.107325     -1.32087
    0.452888   -0.0764381      -1.3136
    0.451687   -0.0468624     -1.32546
    0.450197   -0.0175601     -1.34648
    0.447811    0.0127085     -1.36807
    0.446737    0.0422011     -1.38339
     0.44623     0.072701     -1.38793
    0.444845     0.103963     -1.37882
    0.443735     0.135589     -1.35928
    0.442967     0.167439     -1.33367
    0.442174     0.198572     -1.31269
    0.440627     0.229583     -1.29958
     0.43913     0.260244     -1.29151
    0.438025     0.290623     -1.28756
    0.437141      0.32094     -1.28708
    0.435822     0.351447      -1.2903
    0.434455     0.381704     -1.29602
    0.432915     0.412062     -1.30348
    0.431737     0.442235      -1.3142
    0.430529     0.472827     -1.32886
    0.429085     0.503785     -1.34346
    0.428007     0.534126     -1.35707
    0.426835     0.564533     -1.37231
    0.425198     0.595406      -1.3888
    0.423613     0.626315     -1.40699
    0.422274     0.657296     -1.42287
    0.421486     0.688075     -1.43628
    0.419923      0.71908     -1.44817
    0.418623     0.749889     -1.45856
    0.417042      0.78091     -1.46906
    0.415564     0.811358     -1.47906
    0.414277     0.842264     -1.49068
    0.432328    -0.365596     -1.44523
    0.431683    -0.332684     -1.42493
    0.430542    -0.300214     -1.40488
    0.429255    -0.267555     -1.38423
    0.428475    -0.234536     -1.36211
    0.427116    -0.201687     -1.33292
    0.426351    -0.168012     -1.29262
    0.425366    -0.134744     -1.25688
    0.424485    -0.103729     -1.24381
    0.423412   -0.0743297     -1.25376
    0.422074   -0.0457134     -1.27477
    0.419879   -0.0157462     -1.30163
    0.418275    0.0132576     -1.32791
    0.416864    0.0427615     -1.34653
    0.415795    0.0731017     -1.35103
    0.414459     0.104237     -1.34258
    0.413514     0.135628     -1.32484
    0.412564     0.167043     -1.30323
    0.411587     0.198114     -1.28402
    0.410285     0.229049     -1.27177
    0.409494     0.259625     -1.26394
     0.40826     0.289919     -1.25945
    0.407235     0.320177     -1.25695
     0.40611     0.350635     -1.25712
    0.404583     0.380754     -1.25831
    0.403319     0.410984     -1.26126
     0.40237      0.44101     -1.26736
    0.401205     0.471519     -1.27879
    0.399753     0.501776     -1.29115
    0.398175     0.532095     -1.30427
    0.396984     0.562517     -1.31913
    0.395885     0.593023     -1.33384
    0.393872     0.623593     -1.34704
    0.392676     0.654088     -1.35829
    0.391032     0.684591     -1.36823
    0.389905     0.715034     -1.37794
    0.388342     0.745682     -1.38874
    0.387257       0.7764     -1.40025
    0.385921     0.807101     -1.41258
    0.385177     0.837801     -1.42604
    0.383536     0.868611     -1.43986
    0.382208     0.899622     -1.45747
    0.380892     0.930702     -1.47764
    0.405684    -0.458784     -1.44272
    0.404745    -0.425544     -1.41626
    0.403929    -0.392427     -1.39201
    0.402307     -0.35942     -1.36975
    0.401674    -0.327032     -1.34976
    0.400531    -0.294531     -1.32964
     0.39944    -0.261979     -1.30915
    0.398865     -0.23021     -1.29027
    0.397944    -0.197829      -1.2624
    0.397076    -0.164138     -1.22464
    0.395987    -0.132148     -1.20087
    0.394488    -0.102201     -1.19942
    0.393328   -0.0732917     -1.21495
    0.392212   -0.0449508     -1.23815
    0.389942   -0.0149627     -1.26737
    0.388174    0.0133704     -1.29388
    0.387627    0.0427767     -1.31196
    0.386198    0.0733758       -1.317
    0.384853     0.104407     -1.30851
     0.38363     0.135603     -1.29429
    0.382643     0.166569      -1.2788
    0.381739     0.197465     -1.26355
    0.380638     0.228334     -1.25212
    0.380039     0.258783     -1.24328
    0.378565     0.289038     -1.23699
    0.377428     0.319367     -1.23172
    0.376124     0.349639     -1.22888
    0.374841     0.379789     -1.22686
    0.374099     0.409789     -1.22752
    0.372798     0.439667     -1.23172
    0.371181     0.470278     -1.24086
    0.370002     0.500035     -1.25155
    0.368464     0.530373     -1.26474
    0.367199     0.560603     -1.27894
    0.366112     0.591132     -1.29345
     0.36437     0.621413     -1.30472
    0.362914     0.651591     -1.31302
     0.36192      0.68177     -1.31943
    0.360841     0.712006     -1.32529
     0.35939     0.742338     -1.33243
    0.358536     0.772395     -1.34032
    0.356752     0.802653     -1.35175
     0.35572      0.83329     -1.36635
    0.354037     0.864168     -1.38361
    0.353218     0.895159     -1.40298
    0.351409     0.926021     -1.42263
    0.349695     0.957352     -1.44519
    0.376779    -0.488643     -1.41655
    0.375596    -0.454759     -1.38939
    0.374569    -0.421664     -1.36514
    0.373809    -0.388756     -1.34164
    0.372625    -0.355907      -1.3193
    0.371844    -0.323551     -1.29915
    0.370985    -0.291682     -1.28113
     0.37018    -0.259469     -1.26275
    0.369208     -0.22779     -1.24272
    0.368631    -0.194999     -1.21148
    0.367798    -0.161913     -1.17925
    0.366821    -0.131063     -1.16494
    0.365279    -0.101467     -1.16851
    0.363869   -0.0727016     -1.18322
    0.362375   -0.0438354     -1.20622
    0.360362   -0.0144944     -1.23208
    0.359183    0.0144763     -1.24928
    0.357639    0.0442904     -1.26505
    0.356403    0.0739263     -1.27455
    0.354916     0.104699     -1.27196
     0.35403     0.135388     -1.26602
     0.35252      0.16602     -1.25929
    0.351736     0.196466     -1.25125
    0.350873     0.227449     -1.24025
    0.349873     0.257856     -1.22835
    0.348839     0.288126     -1.21911
    0.348148     0.318485     -1.21109
    0.347028     0.348759     -1.20549
    0.345388     0.378736      -1.2015
     0.34464     0.408695     -1.20114
    0.343514     0.438508     -1.20504
    0.342282     0.468952     -1.21338
    0.340667     0.498806     -1.22355
    0.339102     0.528786     -1.23658
    0.337754     0.559045     -1.25037
    0.336392     0.589366     -1.26416
    0.335199     0.619532     -1.27461
    0.333669     0.649677     -1.28214
    0.332467     0.679601      -1.2865
    0.330974     0.709636     -1.28973
    0.329753     0.739738     -1.29447
    0.329111     0.769536     -1.30017
    0.327861     0.799675     -1.30893
    0.326439     0.829948     -1.32168
    0.324931     0.860586     -1.33797
    0.323858     0.891092     -1.35483
    0.322475     0.921668     -1.37332
    0.320951     0.952615     -1.39415
     0.31909     0.984204     -1.41871
    0.317635      1.01619     -1.44764
    0.348093    -0.552341     -1.42564
    0.347307     -0.51871      -1.3975
    0.346466    -0.484667     -1.37176
    0.345516    -0.451983     -1.34989
    0.344956    -0.419174     -1.32772
    0.344107    -0.386569     -1.30604
    0.343287    -0.354008     -1.28517
     0.34224    -0.321979     -1.26607
    0.341479    -0.290133       -1.248
    0.340572    -0.257881     -1.22828
    0.339612    -0.226096     -1.20489
    0.339345    -0.193071     -1.17256
    0.338189    -0.160883      -1.1465
    0.337361    -0.130256     -1.13595
    0.335895    -0.100917     -1.14217
    0.334572   -0.0726194     -1.15758
    0.332731    -0.042998     -1.17979
    0.331547   -0.0139066     -1.19825
    0.329806    0.0151782     -1.21459
    0.327982    0.0444641     -1.23061
    0.326964    0.0747556     -1.23267
    0.325317     0.105047     -1.23441
    0.323929     0.135153     -1.23917
    0.322886     0.165356     -1.24137
    0.321908     0.195597     -1.23963
    0.320849     0.226384     -1.23105
    0.320126     0.256833     -1.21737
    0.319316     0.287167     -1.20527
    0.318365     0.317552     -1.19425
    0.317231     0.347681     -1.18638
    0.316029       0.3777      -1.1813
    0.315076     0.407558     -1.18024
    0.313929     0.437383     -1.18429
    0.312576     0.467647     -1.19219
    0.310975     0.497334     -1.20234
    0.309906     0.527409     -1.21534
    0.307964     0.557434     -1.22928
    0.306691     0.587844     -1.24277
    0.305936     0.617856     -1.25111
    0.304654     0.647668     -1.25474
    0.303423     0.677431     -1.25464
    0.302196     0.707371     -1.25637
     0.30124      0.73719     -1.26153
    0.299671     0.766985      -1.2685
    0.298938     0.797096     -1.27809
    0.297443     0.827248     -1.29015
     0.29621     0.857586     -1.30411
     0.29518     0.887692     -1.31768
    0.293077     0.918095     -1.33277
    0.291905     0.948198     -1.34916
    0.290242     0.979844      -1.3698
    0.288814      1.01048      -1.3919
    0.286953      1.04176     -1.41771
    0.319135    -0.582991     -1.41609
    0.318064    -0.548622     -1.38379
    0.317432    -0.515856     -1.36002
    0.316652    -0.481911      -1.3359
    0.315725    -0.449899     -1.31671
    0.314996    -0.417218     -1.29632
    0.314075    -0.385034     -1.27712
    0.313483    -0.352864     -1.25776
    0.312653    -0.320824     -1.23863
    0.311553    -0.288773     -1.21912
    0.311002    -0.256671     -1.19795
    0.310521    -0.224588     -1.17185
     0.30991    -0.191811     -1.14174
    0.309225    -0.160375     -1.12179
    0.308384    -0.129943     -1.11273
    0.307164    -0.100631     -1.11938
     0.30537   -0.0727177     -1.13732
     0.30329   -0.0429614      -1.1596
    0.301922   -0.0145771     -1.18014
    0.299649     0.014791     -1.19921
    0.298355    0.0442206     -1.20909
    0.297195    0.0745811     -1.20672
     0.29622     0.105086     -1.20623
    0.294466     0.134775     -1.21556
    0.293443     0.164654     -1.22389
    0.292458     0.194846     -1.22532
    0.291092     0.225392     -1.22025
    0.290267     0.255748     -1.20754
    0.289609      0.28622     -1.19181
    0.288764       0.3166     -1.17859
    0.287542      0.34669     -1.16952
    0.286634      0.37665     -1.16354
    0.285807     0.406409     -1.16295
    0.284806     0.436356     -1.16768
    0.283326     0.466273     -1.17554
    0.281836     0.496129     -1.18653
     0.28028     0.526113     -1.19959
    0.279012     0.556135     -1.21321
    0.277658     0.586321      -1.2226
    0.276708     0.615997      -1.2226
    0.275458      0.64557     -1.22056
    0.274879     0.675051      -1.2195
    0.273436     0.705153     -1.22428
    0.272273     0.734919     -1.23358
    0.270653     0.764879     -1.24425
    0.269624     0.794948     -1.25497
    0.268365     0.825003     -1.26644
    0.267117     0.855105     -1.27837
    0.265565     0.885116     -1.28984
    0.264434     0.915202     -1.30248
    0.262741     0.944968     -1.31562
    0.261259     0.976177     -1.33189
    0.260359      1.00595     -1.34711
    0.258844      1.03614     -1.36304
    0.256909      1.06683     -1.38457
    0.254914      1.09892     -1.41805
    0.289446     -0.61468     -1.41238
    0.288899    -0.579605     -1.37519
    0.288294    -0.545808     -1.34838
    0.287619    -0.513302       -1.327
    0.286884    -0.479905     -1.30503
    0.286148    -0.447819     -1.28694
    0.285464    -0.415658     -1.26833
    0.284651    -0.383571      -1.2505
    0.283954    -0.351575     -1.23151
    0.283119    -0.319708      -1.2125
     0.28228    -0.287571     -1.19211
    0.281858    -0.255657     -1.17044
    0.281376    -0.223427     -1.14395
    0.280747    -0.191207     -1.11798
    0.280152    -0.160289     -1.10346
    0.279056    -0.130381     -1.09612
    0.277688     -0.10061     -1.10163
    0.275709   -0.0729373     -1.12223
    0.273671   -0.0432222     -1.14501
    0.272139   -0.0150747     -1.16844
    0.269711    0.0140761      -1.1874
    0.268859     0.044012     -1.19191
    0.268054    0.0741086      -1.1896
    0.266815     0.104546     -1.18778
    0.265065     0.134202     -1.19746
     0.26358     0.163908     -1.20787
    0.262263      0.19401     -1.21048
    0.261288     0.224427     -1.20798
    0.260532     0.254759     -1.19599
    0.259862     0.285271     -1.17743
    0.259347     0.315715     -1.16277
    0.258554     0.345711     -1.15344
    0.257406     0.375483     -1.14815
    0.256521     0.405181     -1.14853
    0.255171     0.435192     -1.15494
    0.253961     0.465157     -1.16403
    0.252219     0.494921      -1.1757
    0.250649     0.524821       -1.188
    0.249789     0.554625      -1.1961
    0.248436      0.58452      -1.1956
    0.247727     0.614075     -1.18932
    0.247173     0.643492     -1.18566
    0.245814     0.672943     -1.18686
    0.244361     0.702961     -1.19708
     0.24283     0.732976     -1.21202
    0.241244     0.762967     -1.22574
    0.240178     0.792943     -1.23625
     0.23928     0.822931       -1.246
    0.238066     0.852774     -1.25518
    0.236983     0.882544     -1.26459
    0.235568      0.91235     -1.27638
    0.234035     0.942382     -1.28986
    0.232536     0.973193     -1.30462
    0.231367      1.00266       -1.316
    0.230285      1.03232     -1.32562
    0.229035        1.062     -1.33605
    0.227282      1.09213     -1.35269
    0.225271       1.1234     -1.37966
    0.259993     -0.61074     -1.37221
      0.2596    -0.576738     -1.34048
    0.258858    -0.543804      -1.3182
    0.258141    -0.511109     -1.29806
    0.257381    -0.478425     -1.27876
    0.256611    -0.446569     -1.26215
     0.25605    -0.414587     -1.24429
    0.255324    -0.382415     -1.22602
    0.254517    -0.350513     -1.20689
    0.253753    -0.318782     -1.18775
    0.252982    -0.286442     -1.16627
    0.252639    -0.254696     -1.14464
    0.252298    -0.222752     -1.12051
    0.251653    -0.190974     -1.09854
     0.25092    -0.160401     -1.08641
    0.249851    -0.130378     -1.07899
    0.248381    -0.100885     -1.08676
      0.2464   -0.0735392     -1.11246
    0.244224   -0.0437764     -1.13608
     0.24179   -0.0159648     -1.16055
    0.240146    0.0131875     -1.18072
    0.238998    0.0429347     -1.18432
    0.238268    0.0735014     -1.17899
    0.237032     0.103794     -1.17608
    0.235666     0.133417      -1.1854
    0.234109     0.163189      -1.1945
    0.232754     0.193282     -1.19769
     0.23147     0.223524     -1.19545
    0.230839     0.253923     -1.18098
    0.230761     0.284332     -1.16208
    0.230063      0.31465     -1.14757
     0.22906      0.34462     -1.13872
    0.228135      0.37443     -1.13558
    0.227195     0.404038     -1.13783
    0.225436     0.434079     -1.14622
      0.2242      0.46393     -1.15741
     0.22281     0.493659     -1.16879
    0.221497      0.52339     -1.17518
    0.220692     0.553111     -1.17382
    0.220065     0.582806     -1.16555
    0.219371     0.612067     -1.15704
    0.218469     0.641616     -1.15476
    0.217187     0.671045     -1.16053
    0.215971      0.70119     -1.17621
     0.21398     0.731344     -1.19627
    0.212633     0.761352     -1.21073
    0.211202     0.790845     -1.21714
    0.210278     0.820682     -1.22349
     0.20896     0.850226     -1.23036
    0.207699     0.879891     -1.23939
    0.206373     0.909611     -1.25091
    0.205114      0.93982     -1.26493
    0.203824     0.970108     -1.27857
    0.202466     0.999411     -1.28712
    0.201686      1.02876     -1.29272
    0.200613      1.05767     -1.29728
    0.199715      1.08723     -1.30594
     0.19833      1.11688     -1.31961
    0.230527    -0.643522     -1.37715
    0.230511    -0.607788     -1.33935
    0.230253    -0.574617     -1.31205
    0.229399    -0.542143     -1.29218
    0.228772    -0.509304     -1.27254
    0.228101    -0.477271     -1.25541
    0.226991      -0.4454     -1.23948
    0.226237    -0.413638     -1.22228
    0.225833    -0.381481      -1.2039
    0.225386    -0.349647     -1.18464
    0.224551    -0.317898     -1.16476
    0.224089    -0.285534      -1.1422
    0.223455     -0.25393     -1.12086
    0.223126    -0.222379      -1.0999
    0.222624    -0.191013     -1.08177
    0.221904    -0.160559     -1.07054
     0.22103    -0.130326     -1.06287
    0.219205     -0.10146     -1.07473
    0.217012   -0.0742349     -1.10513
    0.214465   -0.0447816     -1.13162
     0.21292   -0.0168886     -1.15696
    0.210131    0.0116849     -1.17771
      0.2087    0.0418097     -1.18053
    0.208152    0.0724617     -1.17298
    0.207053      0.10273     -1.16964
     0.20563     0.132505     -1.17762
    0.204555     0.162336     -1.18394
    0.202905     0.192325     -1.18592
    0.201946      0.22278     -1.17899
    0.201735     0.253234      -1.1622
    0.201352     0.283444     -1.14575
    0.201116     0.313734     -1.13351
    0.199961      0.34359     -1.12683
    0.198729     0.373426      -1.1261
    0.197676     0.402949     -1.13138
    0.195961     0.432929     -1.14196
    0.194642     0.462795     -1.15345
    0.193558     0.492467     -1.15874
    0.192402     0.521997     -1.15408
     0.19207     0.551529       -1.146
    0.191918     0.581095     -1.13582
    0.191154     0.610227      -1.1283
    0.189948     0.639579     -1.12781
    0.188568     0.669242     -1.13716
    0.186858     0.699353     -1.15766
    0.184471       0.7301     -1.18516
    0.183021     0.759599     -1.19748
     0.18226     0.788528     -1.19389
    0.181647     0.818195     -1.19583
    0.180826     0.847698     -1.20242
    0.178704      0.87736     -1.21311
    0.177568     0.906827     -1.22564
    0.176133     0.937366     -1.24048
    0.175095     0.967172     -1.25292
    0.174079     0.996267     -1.25951
    0.173204      1.02514       -1.262
    0.172296      1.05399     -1.26432
    0.171856      1.08306     -1.26894
    0.170475      1.11198      -1.2765
    0.169219      1.14191     -1.29287
    0.200898    -0.676173     -1.38395
    0.200818    -0.641229     -1.34724
     0.20056    -0.605952     -1.31309
    0.200371    -0.573024     -1.28827
    0.199697    -0.540927     -1.26954
    0.199122    -0.507917     -1.25047
    0.198338    -0.476446     -1.23493
    0.197729    -0.444371     -1.21826
    0.196965    -0.412858     -1.20176
    0.196569    -0.380934     -1.18386
    0.196023     -0.34901     -1.16408
    0.195452    -0.317126     -1.14321
    0.194907    -0.284783     -1.12062
    0.194461    -0.253442     -1.10064
    0.194223    -0.222112     -1.08149
    0.193603    -0.191011     -1.06613
    0.192632    -0.160887     -1.05685
    0.191909    -0.130901     -1.05147
    0.190053    -0.102567     -1.06761
    0.187503   -0.0751557     -1.10077
    0.184292   -0.0459612     -1.13114
    0.181631   -0.0183545     -1.15687
    0.179978     0.010861       -1.174
      0.1789     0.040785     -1.17723
    0.178527     0.071169     -1.17169
    0.177196     0.101486      -1.1685
    0.175542     0.131347     -1.17322
    0.174751     0.161336     -1.17533
    0.173687     0.191403     -1.17183
    0.172739     0.222153      -1.1592
    0.172719     0.252344      -1.1441
    0.172449     0.282651     -1.13018
    0.171397     0.312684     -1.12128
    0.170862     0.342502     -1.11864
    0.169671     0.372271     -1.12027
    0.168009      0.40176     -1.12787
    0.166256     0.431748     -1.13921
    0.165351     0.461529     -1.14491
    0.164738     0.491114     -1.14022
    0.163628     0.520466     -1.12858
    0.163507     0.550095     -1.11799
    0.163501     0.579274     -1.10708
    0.162816     0.608574     -1.10041
     0.16159     0.637534     -1.09976
    0.160397     0.667232     -1.10926
    0.158897     0.697303     -1.13226
    0.155821     0.728401      -1.1662
    0.153812     0.757817     -1.17657
    0.154536     0.786192     -1.16317
    0.153929     0.814969     -1.15946
    0.152022     0.844604     -1.16704
    0.151129     0.874495     -1.18198
    0.149668       0.9039      -1.1983
    0.147534     0.934828     -1.21604
    0.146793     0.964348     -1.22902
    0.145674     0.993405     -1.23508
    0.144949      1.02202     -1.23563
    0.144357       1.0506     -1.23551
    0.143799      1.07915     -1.23748
    0.142742      1.10804     -1.24352
    0.141139      1.13752     -1.25743
    0.139858      1.16796      -1.2815
    0.171005    -0.674165     -1.35759
    0.171503    -0.639146     -1.32224
    0.171221    -0.604728     -1.29062
    0.170995    -0.571605     -1.26705
    0.169874    -0.539981     -1.24954
     0.16966    -0.507113     -1.23164
     0.16873    -0.475788     -1.21687
    0.168236    -0.443766     -1.19983
    0.167471    -0.412171      -1.1832
    0.167054    -0.380312     -1.16516
    0.166885    -0.348432     -1.14501
    0.166199    -0.316593     -1.12359
    0.166063    -0.284496     -1.10181
    0.165741    -0.253222     -1.08291
    0.165172    -0.222056     -1.06529
    0.164496     -0.19123       -1.052
    0.163978     -0.16112     -1.04297
    0.162831    -0.131132     -1.03825
    0.160911    -0.103543     -1.05896
    0.158244   -0.0761184     -1.09625
    0.154449   -0.0473096     -1.13184
     0.15219   -0.0195223     -1.15768
    0.150881   0.00953246     -1.17579
    0.149144    0.0391193     -1.18182
    0.147907    0.0697981     -1.17339
    0.147086     0.100339      -1.1678
    0.146269     0.130294     -1.16806
    0.145069     0.160435      -1.1637
    0.144424     0.190906     -1.15349
    0.144078     0.221423     -1.14005
    0.143295     0.251567     -1.12731
    0.143066     0.281714     -1.11528
    0.142295     0.311754     -1.10913
    0.141181     0.341424     -1.10944
    0.140032     0.371121       -1.115
    0.138165     0.400621     -1.12447
    0.136998     0.430511     -1.13147
    0.136435     0.460409     -1.12884
    0.136071     0.489877     -1.11783
    0.135591     0.519131     -1.10418
    0.135047     0.548534     -1.09208
    0.135169     0.577605     -1.07981
    0.134298     0.606622     -1.07209
    0.133658      0.63554      -1.0709
    0.132105     0.665408     -1.08158
    0.130141     0.695093     -1.10618
    0.127063       0.7261     -1.14057
    0.126762     0.755241      -1.1446
     0.12659     0.783191     -1.12713
    0.126103     0.811875     -1.12127
    0.124944     0.841055     -1.12785
    0.123666      0.87129     -1.14666
    0.121845     0.901192     -1.16974
    0.119603     0.932296     -1.19222
    0.118249     0.961652     -1.20646
    0.117287     0.990656     -1.21219
    0.116788      1.01917     -1.21153
    0.116388      1.04749     -1.21018
    0.115503      1.07596     -1.21141
    0.114638      1.10455     -1.21734
    0.113424      1.13411     -1.23077
    0.111845      1.16424      -1.2535
    0.109396      1.19609     -1.28583
    0.141425    -0.707156     -1.37001
    0.141591    -0.672586      -1.3352
    0.141634    -0.637594     -1.30049
    0.141533    -0.603533     -1.27082
    0.141296     -0.57085      -1.2491
    0.140506    -0.539225     -1.23226
    0.140082    -0.506622     -1.21544
    0.139389    -0.475247     -1.20053
     0.13886    -0.443358     -1.18352
    0.138291    -0.411822      -1.1672
    0.137921    -0.380055     -1.14894
    0.137587    -0.348213     -1.12839
    0.137458    -0.316175     -1.10654
    0.137158    -0.284212     -1.08502
    0.136746    -0.253035     -1.06669
    0.136292    -0.222109     -1.05013
    0.135551    -0.191417     -1.03801
    0.135048    -0.161287       -1.029
     0.13381    -0.131524     -1.02647
    0.131347     -0.10431     -1.04765
    0.128588   -0.0765696     -1.08724
    0.124761   -0.0483769     -1.12977
    0.122168   -0.0209612     -1.15786
    0.119544   0.00784869     -1.18055
    0.118014    0.0370862     -1.19133
    0.118051    0.0686254     -1.17536
    0.117674    0.0991324     -1.16488
    0.116412      0.12932      -1.1578
    0.116445     0.159815     -1.14538
    0.115864     0.190425     -1.13234
    0.115413     0.220677     -1.11977
     0.11444     0.250836     -1.10728
    0.113897     0.280811     -1.09717
    0.113336     0.310797     -1.09458
    0.111884     0.340349     -1.09737
    0.110649     0.369917     -1.10322
    0.109464     0.399469     -1.11049
    0.108333     0.429537     -1.11514
    0.108076     0.459176       -1.109
    0.107432      0.48849     -1.09589
    0.107627     0.517688     -1.08131
    0.107618     0.546942     -1.06747
    0.106836     0.576064     -1.05491
    0.107284     0.604951     -1.04628
    0.106483     0.633804     -1.04505
    0.104397     0.663587     -1.05873
    0.102201     0.693061     -1.08472
    0.100957     0.723819     -1.11739
   0.0991393     0.753406     -1.11614
   0.0987683     0.780694     -1.09576
   0.0984819     0.809281     -1.08942
   0.0975329     0.837908     -1.09319
   0.0957192     0.867697     -1.11222
   0.0939066     0.898653     -1.14302
   0.0913796     0.929864     -1.17104
   0.0898301     0.959231     -1.18725
   0.0888905     0.988251     -1.19319
   0.0885558      1.01647     -1.19156
   0.0877655      1.04476     -1.18962
   0.0872348       1.0732     -1.19096
   0.0863347      1.10189     -1.19727
   0.0849643      1.13112     -1.20983
   0.0836602      1.16101     -1.23108
   0.0814491      1.19244     -1.26347
     0.11178    -0.705673     -1.34804
    0.111634    -0.671244     -1.31544
    0.112232    -0.636592     -1.28228
    0.111811    -0.603074     -1.25476
    0.111786     -0.57044     -1.23396
    0.111248    -0.538757     -1.21726
    0.110525     -0.50626     -1.20085
    0.109747    -0.475039     -1.18622
    0.109549    -0.443127     -1.16913
    0.108894    -0.411667     -1.15277
     0.10863    -0.379822     -1.13386
    0.108403    -0.347968     -1.11315
    0.108454    -0.315994     -1.09141
    0.108149     -0.28419     -1.07043
    0.107883    -0.253216     -1.05295
     0.10729    -0.222293     -1.03707
    0.106623    -0.191639     -1.02503
    0.106052    -0.161562     -1.01707
    0.104566    -0.132353     -1.01909
     0.10226    -0.104846     -1.03753
   0.0989826   -0.0768479     -1.07529
   0.0949206   -0.0493603      -1.1235
   0.0925297   -0.0219705     -1.15464
   0.0898762   0.00680454     -1.17737
   0.0876289    0.0358143     -1.18946
   0.0880782    0.0674422     -1.17245
   0.0873963    0.0980419      -1.1568
   0.0877924      0.12889     -1.13883
   0.0876617     0.159429     -1.11944
   0.0871064     0.190052     -1.10342
    0.087116     0.220353     -1.08894
   0.0867929     0.250295     -1.07655
   0.0861304     0.280249     -1.07015
   0.0852471     0.309877     -1.06489
   0.0853144     0.339459     -1.04145
   0.0859968     0.369341     -1.02317
   0.0847593     0.398664     -1.03168
   0.0820908     0.428317     -1.06103
   0.0797798     0.458081     -1.08032
   0.0795781     0.487119     -1.07283
   0.0792938     0.516274     -1.05622
   0.0794114     0.545436     -1.04102
   0.0790361     0.574397     -1.02995
   0.0786124     0.603204     -1.02273
   0.0780409     0.632165     -1.02341
   0.0760241     0.661683     -1.03766
    0.073555     0.689962     -1.06354
   0.0703228     0.721023     -1.10027
   0.0699508      0.75377     -1.10155
   0.0707608     0.778745     -1.07495
   0.0707333     0.806938     -1.06541
   0.0698624      0.83552     -1.06714
   0.0685243     0.864637     -1.08396
   0.0656099     0.896448     -1.12004
   0.0626998      0.92768     -1.15501
   0.0611919     0.957291      -1.1733
   0.0603564     0.986237     -1.17914
   0.0601595       1.0143     -1.17595
   0.0597011      1.04249     -1.17291
   0.0592974      1.07065     -1.17373
    0.058388      1.09939     -1.18074
   0.0569823      1.12848     -1.19335
   0.0554541      1.15859     -1.21428
   0.0536075      1.18946     -1.24445
   0.0499671      1.22216     -1.28362
   0.0813125    -0.740067     -1.36349
   0.0822199    -0.704781     -1.32897
   0.0822652    -0.670614     -1.29914
   0.0824869    -0.635996     -1.26727
   0.0824532    -0.602692     -1.24089
   0.0822644    -0.570065     -1.22047
    0.081571     -0.53842      -1.2038
   0.0811274    -0.506081     -1.18762
   0.0805951    -0.474968     -1.17351
   0.0803362    -0.443241     -1.15694
   0.0798337    -0.411682     -1.13998
   0.0794129    -0.379731     -1.12002
   0.0791849    -0.347983     -1.09946
   0.0793182    -0.316103     -1.07836
   0.0791755    -0.284382     -1.05786
    0.078775    -0.253378     -1.04068
   0.0785616    -0.222688     -1.02605
   0.0779609    -0.192144      -1.0155
   0.0770904    -0.162252     -1.00919
   0.0755913    -0.133051     -1.01178
   0.0735917    -0.105056     -1.02638
   0.0703953   -0.0771636     -1.06143
   0.0661442   -0.0502499     -1.11161
   0.0631132    -0.022819     -1.14693
   0.0607489   0.00617869     -1.16656
   0.0591305    0.0358535     -1.17094
   0.0588125    0.0667051     -1.15619
   0.0592495    0.0977948     -1.13254
   0.0598807     0.128896     -1.10335
   0.0601994     0.159663     -1.07754
   0.0602545     0.190349     -1.05708
   0.0603931     0.220433     -1.04182
   0.0599372     0.250192     -1.03055
   0.0592616     0.279689     -1.01914
   0.0608861      0.30989    -0.979429
   0.0636946     0.340001    -0.929376
   0.0631295     0.369119    -0.921646
   0.0606565     0.398209    -0.952113
   0.0562789     0.427011      -1.0026
   0.0518259     0.456467     -1.04368
   0.0513701     0.485653     -1.04427
    0.051629     0.514819     -1.02781
   0.0514817     0.543954     -1.01451
   0.0512542     0.572731     -1.00592
   0.0507007     0.601564     -1.00179
   0.0503555     0.630803     -1.00543
   0.0483907     0.659885     -1.01896
   0.0454618     0.689639     -1.04623
   0.0401904     0.721402      -1.0982
    0.039842     0.750044     -1.10244
   0.0429008     0.776946      -1.0616
   0.0429833     0.805113     -1.04845
   0.0420553     0.833566     -1.04919
   0.0410911      0.86255     -1.06413
   0.0372893     0.894279     -1.10215
   0.0338769     0.925952     -1.14439
   0.0322128     0.955622     -1.16409
   0.0318276     0.984279     -1.16687
   0.0318277      1.01212     -1.16191
   0.0311731      1.04044     -1.15945
   0.0304748      1.06856      -1.1607
   0.0300336      1.09723     -1.16746
    0.028714      1.12625     -1.17998
   0.0268708      1.15634     -1.20083
   0.0247621      1.18701     -1.22955
   0.0216687      1.21935     -1.27045
   0.0524162    -0.737966     -1.34228
   0.0524129    -0.703656     -1.31076
    0.052823     -0.66966     -1.28266
   0.0529539    -0.635606      -1.2534
   0.0531044    -0.602539      -1.2286
   0.0526948    -0.570035     -1.20833
   0.0522375    -0.538379     -1.19175
   0.0516252    -0.506306     -1.17618
   0.0511974     -0.47501     -1.16191
   0.0508292    -0.443513     -1.14596
   0.0503801    -0.411759     -1.12863
    0.050476    -0.379807     -1.10807
   0.0502674    -0.348145     -1.08774
   0.0500461    -0.316401     -1.06719
   0.0500891    -0.284738     -1.04727
    0.049862    -0.253709     -1.03019
   0.0494985    -0.223145     -1.01678
   0.0486894    -0.192984     -1.00894
   0.0478482    -0.163199     -1.00411
   0.0464945    -0.133897     -1.00603
   0.0445546     -0.10565     -1.01713
   0.0414637   -0.0770946     -1.04452
   0.0374632   -0.0502545      -1.0886
   0.0336538   -0.0232221     -1.12887
   0.0310035   0.00557054      -1.1486
    0.030307    0.0356957     -1.14529
   0.0307747    0.0668031     -1.12155
   0.0325425    0.0986546     -1.08224
    0.033856     0.130152     -1.04401
   0.0342648     0.160761     -1.01843
   0.0341448     0.190925      -0.9964
   0.0346511     0.220858    -0.972511
   0.0356747     0.250913    -0.948648
   0.0373487     0.280811    -0.918127
   0.0389266     0.310735    -0.876741
   0.0387006     0.339546    -0.859863
   0.0368112     0.368194    -0.875637
   0.0323548     0.397221    -0.918497
   0.0271316      0.42594    -0.981351
   0.0243573     0.455315     -1.01477
   0.0240717     0.484411     -1.01315
   0.0238476     0.513391     -1.00093
   0.0236431     0.542539     -0.99272
   0.0234675     0.571272     -0.98751
   0.0230198     0.600052    -0.984744
   0.0223462     0.629226    -0.988763
   0.0205126     0.658369     -1.00146
    0.018364     0.688001     -1.02815
   0.0129547     0.720075     -1.08933
   0.0113593     0.748958     -1.10079
   0.0142735     0.775603     -1.05576
    0.014316     0.803626     -1.03936
   0.0140711     0.832011     -1.03861
   0.0125733     0.860757     -1.05127
  0.00942139     0.892512     -1.09055
  0.00493956     0.924675     -1.13916
  0.00306473     0.954345     -1.15904
  0.00302494     0.982484     -1.15742
  0.00335864      1.01035     -1.15152
  0.00284591      1.03863     -1.14958
  0.00222761      1.06675     -1.15104
  0.00150576      1.09545     -1.15784
 0.000258847      1.12434     -1.17008
 -0.00156879      1.15443     -1.19086
 -0.00393339      1.18518     -1.21963
 -0.00675048      1.21729      -1.2613
   0.0224693    -0.772312     -1.35113
    0.022463     -0.73705     -1.32594
   0.0225813    -0.703101     -1.29601
   0.0230861    -0.669183     -1.26866
   0.0233306    -0.635413     -1.24106
   0.0233935    -0.602544     -1.21721
   0.0233592    -0.570063     -1.19706
   0.0227734    -0.538366     -1.18036
   0.0223996    -0.506299     -1.16504
   0.0219855    -0.475035     -1.15067
   0.0215328    -0.443564     -1.13506
   0.0209578     -0.41204     -1.11846
   0.0212004    -0.380169     -1.09877
     0.02117    -0.348648     -1.07919
   0.0209843    -0.316932     -1.05944
   0.0208294    -0.285464     -1.04061
   0.0207542    -0.254555     -1.02427
   0.0205078       -0.224     -1.01125
   0.0193506    -0.193847     -1.00396
   0.0186629    -0.164177     -1.00008
   0.0175117    -0.134915      -1.0017
   0.0157466    -0.106485     -1.00967
   0.0131338   -0.0770122     -1.02797
   0.0102277   -0.0495005     -1.05699
  0.00623263   -0.0221314     -1.08859
  0.00411996   0.00664652     -1.10265
  0.00427927    0.0371855     -1.08927
  0.00601267     0.069252     -1.04911
  0.00820054     0.101236      -1.0047
  0.00912785     0.131673    -0.975478
  0.00912868     0.161783    -0.953418
   0.0101325     0.192092    -0.923086
   0.0122055     0.222486    -0.885697
   0.0129545     0.252247    -0.856701
   0.0137178     0.281353    -0.833928
   0.0139543     0.310385    -0.817792
   0.0125948     0.338763      -0.8191
   0.0101302     0.367394     -0.83801
  0.00669366        0.396    -0.874364
  0.00133381     0.424862    -0.944024
 -0.00248849     0.454022    -0.984364
 -0.00288449     0.483049    -0.985992
 -0.00384094     0.512091    -0.981132
 -0.00456811     0.541109    -0.978659
 -0.00503628     0.570005    -0.977744
 -0.00542451     0.598713    -0.975188
 -0.00587139     0.627831    -0.976567
 -0.00773181     0.656751    -0.987186
    -0.01022     0.686394     -1.01301
  -0.0158324      0.71844     -1.07533
  -0.0189467     0.748328     -1.10321
  -0.0148111     0.774579     -1.05751
  -0.0143317     0.802467     -1.03539
  -0.0146992     0.830793     -1.03334
   -0.016073     0.859394     -1.04359
  -0.0193639     0.890915     -1.08325
   -0.024103      0.92372     -1.13733
  -0.0257873     0.953212      -1.1566
  -0.0258376     0.980972     -1.15158
  -0.0254509      1.00885     -1.14473
  -0.0258621      1.03718     -1.14306
  -0.0264762      1.06534     -1.14483
  -0.0270843      1.09395     -1.15155
  -0.0285676      1.12282     -1.16346
  -0.0299667      1.15279     -1.18377
  -0.0325686      1.18347     -1.21258
  -0.0360602      1.21568     -1.25456
 -0.00748055    -0.771661     -1.33796
 -0.00696871    -0.736364     -1.31215
 -0.00685451    -0.702934     -1.28378
 -0.00639232    -0.669003     -1.25672
 -0.00646045     -0.63523     -1.22968
 -0.00628652    -0.602507     -1.20628
 -0.00645951    -0.570151     -1.18644
 -0.00661659    -0.538385     -1.16989
 -0.00708452    -0.506495     -1.15496
  -0.0077062    -0.475397      -1.1412
 -0.00790409    -0.443933     -1.12581
 -0.00835193    -0.412475     -1.11015
 -0.00816827     -0.38083     -1.09196
  -0.0082879    -0.349341     -1.07342
 -0.00829924    -0.317912     -1.05559
  -0.0086325    -0.286665     -1.03825
 -0.00864213    -0.255721     -1.02216
 -0.00897595    -0.225099     -1.00865
 -0.00969563    -0.194902     -1.00064
  -0.0105639    -0.165184    -0.996261
  -0.0118768     -0.13579    -0.996681
   -0.013343    -0.107373     -1.00196
    -0.01531   -0.0774764     -1.01437
  -0.0175692   -0.0491078     -1.02963
    -0.01959   -0.0204545     -1.04065
  -0.0201599   0.00951131       -1.036
  -0.0191874    0.0406822     -1.01005
  -0.0177968    0.0721757    -0.971496
  -0.0168954     0.102683    -0.941201
  -0.0157752     0.132711    -0.919749
  -0.0152889     0.162769    -0.895768
  -0.0141023     0.192866    -0.864167
  -0.0127617     0.222889    -0.832527
  -0.0125926     0.252095     -0.81029
  -0.0123002     0.280974    -0.793583
  -0.0125907     0.309603    -0.784008
  -0.0138506     0.338114    -0.788348
  -0.0158609     0.366629    -0.804844
  -0.0187582     0.394733    -0.833188
  -0.0230273     0.423667    -0.887758
  -0.0293994     0.453195    -0.946815
  -0.0309282     0.481768    -0.968212
  -0.0319174     0.510876    -0.972151
  -0.0331051     0.540018    -0.975375
  -0.0339945     0.568966    -0.978416
  -0.0345382     0.597617     -0.97611
  -0.0348427     0.626518    -0.970908
    -0.03585     0.655397    -0.975801
   -0.037379     0.684429    -0.992299
  -0.0429922     0.715725     -1.05096
  -0.0493541     0.748025     -1.10773
  -0.0446778     0.773597     -1.06199
  -0.0428112     0.801276     -1.03263
   -0.043557     0.829609     -1.03036
   -0.044587      0.85816     -1.03949
  -0.0478829     0.889464     -1.07715
  -0.0532677     0.922527      -1.1347
   -0.055583     0.952233     -1.15569
  -0.0549631     0.979897     -1.14907
  -0.0546733      1.00758     -1.14111
  -0.0552034       1.0359     -1.13933
  -0.0554569      1.06404     -1.14106
   -0.056166      1.09265     -1.14772
  -0.0571933      1.12148      -1.1595
  -0.0588296      1.15148     -1.17953
   -0.061215      1.18197     -1.20779
  -0.0649917      1.21422      -1.2501
  -0.0375356    -0.771769     -1.32964
  -0.0365024    -0.736264     -1.30135
  -0.0367893      -0.7029     -1.27362
  -0.0361887    -0.668876     -1.24579
  -0.0359283    -0.635325      -1.2196
  -0.0357647    -0.602846      -1.1974
  -0.0357819    -0.570532     -1.17812
  -0.0359935    -0.538714     -1.16188
  -0.0364281    -0.506889     -1.14699
  -0.0369866    -0.475849     -1.13345
  -0.0370402    -0.444437     -1.11844
  -0.0375025    -0.413094     -1.10368
  -0.0377061     -0.38159     -1.08675
  -0.0380165    -0.350469     -1.07035
   -0.037985    -0.319243     -1.05435
  -0.0379491    -0.287929     -1.03749
  -0.0380231    -0.256925     -1.02086
   -0.038369    -0.226177     -1.00641
  -0.0389144    -0.195881    -0.997414
  -0.0399309    -0.166172    -0.992549
  -0.0411536    -0.136793    -0.991437
  -0.0423037      -0.1081    -0.994007
  -0.0441866   -0.0779952     -1.00289
   -0.046139   -0.0492436     -1.00997
  -0.0469948   -0.0199214     -1.00886
  -0.0465017    0.0106127    -0.992848
  -0.0456143    0.0416259    -0.965916
  -0.0447488    0.0722828    -0.937089
  -0.0440833     0.102493    -0.912663
  -0.0430302     0.132754     -0.88912
  -0.0419644      0.16271      -0.8622
  -0.0409836     0.192622    -0.832719
  -0.0401283     0.222353    -0.806714
  -0.0395954      0.25155    -0.786511
   -0.039324      0.28034    -0.771658
  -0.0397499      0.30871    -0.764233
  -0.0406279     0.337382    -0.768118
  -0.0426267     0.365657    -0.781158
  -0.0449016     0.393954    -0.802822
  -0.0481777     0.422352    -0.841206
  -0.0548148     0.451616    -0.904202
  -0.0597228     0.480603    -0.954875
  -0.0615994     0.509778    -0.971177
  -0.0628246     0.538992    -0.978379
  -0.0636664     0.568029    -0.983026
  -0.0641649     0.596807    -0.980703
   -0.063972     0.625403    -0.969559
  -0.0646162     0.654119    -0.969018
  -0.0663264     0.683421    -0.988419
  -0.0718872     0.715149     -1.04971
  -0.0782999     0.746886     -1.10471
  -0.0736256     0.772531     -1.06101
  -0.0718895     0.800064     -1.03023
  -0.0725299     0.828383     -1.02783
  -0.0731036     0.856969      -1.0366
  -0.0765416     0.888214     -1.07246
  -0.0824481     0.921258     -1.13046
  -0.0848423     0.951191     -1.15503
  -0.0845387     0.979043     -1.14995
  -0.0839105      1.00651     -1.14109
  -0.0839109      1.03484     -1.13856
  -0.0841253      1.06299     -1.13973
  -0.0852911      1.09156     -1.14628
  -0.0864477      1.12045     -1.15816
   -0.087893       1.1504     -1.17829
  -0.0903101      1.18113     -1.20691
  -0.0941913      1.21307     -1.24901
  -0.0678045    -0.772475     -1.32584
  -0.0663955    -0.736657     -1.29402
  -0.0666214    -0.703292     -1.26621
  -0.0660184    -0.669318     -1.23841
   -0.065441    -0.635744     -1.21223
  -0.0654024    -0.603293     -1.19064
  -0.0655377    -0.571205     -1.17241
  -0.0658232    -0.539467     -1.15654
  -0.0661314    -0.507631     -1.14162
  -0.0665432    -0.476689     -1.12848
  -0.0666972    -0.445303     -1.11393
  -0.0671134    -0.414122     -1.09981
  -0.0672452    -0.382585     -1.08311
  -0.0674999     -0.35151     -1.06762
  -0.0675436    -0.320419     -1.05269
  -0.0675836     -0.28917     -1.03628
   -0.067632    -0.258116     -1.01926
   -0.067537    -0.227335     -1.00439
  -0.0682121     -0.19691    -0.994138
  -0.0690292    -0.167134    -0.988356
  -0.0698524     -0.13754    -0.985899
  -0.0710617    -0.108872    -0.987041
  -0.0729472   -0.0786263    -0.993939
   -0.074821   -0.0498058    -0.997996
  -0.0751088   -0.0202256    -0.993009
  -0.0747286    0.0102227    -0.975522
  -0.0739143    0.0410809    -0.950733
  -0.0730273    0.0716019     -0.92512
  -0.0724282     0.101661     -0.90247
  -0.0715818     0.131998    -0.877678
  -0.0699959     0.162019    -0.848498
  -0.0686994     0.191945    -0.819438
  -0.0677448     0.221515    -0.795125
  -0.0672985     0.250656    -0.775791
  -0.0670456     0.279438    -0.761606
  -0.0675422     0.307733    -0.755536
  -0.0684678     0.336336    -0.759209
   -0.070252     0.364641    -0.770311
  -0.0725188     0.392887    -0.790475
  -0.0757466      0.42117      -0.8255
  -0.0818635     0.450362    -0.886202
  -0.0881352     0.479461    -0.946244
  -0.0905095     0.508729    -0.967372
  -0.0915798     0.537857    -0.975124
  -0.0928667     0.566874    -0.979365
   -0.093265     0.595683    -0.976576
  -0.0927041     0.624223     -0.96583
    -0.09326     0.652933    -0.966058
  -0.0956759     0.682246    -0.986076
  -0.0996937     0.713439     -1.03975
   -0.107071     0.745016     -1.09423
   -0.102793     0.771629     -1.05843
   -0.100998      0.79898     -1.02869
   -0.101378     0.827342     -1.02539
   -0.102165     0.855764     -1.03376
    -0.10559     0.887061     -1.06941
   -0.111729     0.919979     -1.12615
     -0.1141     0.950165     -1.15437
   -0.114157     0.978423     -1.15449
   -0.113852      1.00604      -1.1468
   -0.113723      1.03426     -1.14328
   -0.113767      1.06221     -1.14271
   -0.114552      1.09069     -1.14792
   -0.115781      1.11962     -1.15961
   -0.117246      1.14953     -1.17951
   -0.119573      1.18029     -1.20841
   -0.123658      1.21243     -1.25043
  -0.0954001    -0.799647     -1.29709
  -0.0982295    -0.773547     -1.31923
  -0.0966313    -0.737313     -1.28946
  -0.0964669    -0.704237     -1.26214
  -0.0957413    -0.670267     -1.23463
  -0.0954734    -0.636645     -1.20841
  -0.0954902    -0.604288     -1.18694
  -0.0953628    -0.572223     -1.16911
  -0.0956987    -0.540464     -1.15307
  -0.0960199     -0.50863     -1.13836
  -0.0964457    -0.477887     -1.12601
  -0.0965731    -0.446385     -1.11131
  -0.0966639    -0.415075     -1.09679
    -0.09685    -0.383749     -1.08094
   -0.097019     -0.35271     -1.06575
  -0.0969292    -0.321512     -1.05038
  -0.0969928    -0.290216     -1.03386
   -0.097069    -0.259228     -1.01741
  -0.0972815    -0.228664     -1.00336
  -0.0974664    -0.197964    -0.992144
  -0.0981778    -0.168134     -0.98544
  -0.0991268    -0.138608     -0.98344
   -0.100347    -0.109956    -0.985028
   -0.102139   -0.0796816    -0.991285
   -0.103589   -0.0508321    -0.995239
   -0.104288    -0.021283    -0.989994
   -0.103873   0.00905767    -0.973287
   -0.103033    0.0399932    -0.948902
   -0.102139    0.0705232    -0.923881
   -0.101485     0.100403    -0.902886
   -0.100701     0.130571    -0.880162
  -0.0988132     0.160827    -0.851359
   -0.097358     0.190847    -0.820953
  -0.0959489     0.220355    -0.794475
  -0.0954443     0.249548    -0.774911
   -0.095571     0.278298     -0.76134
  -0.0958049     0.306519    -0.755653
  -0.0969133     0.335186    -0.759625
  -0.0984797     0.363553    -0.771008
   -0.101055      0.39182    -0.791239
    -0.10416     0.420077    -0.829989
   -0.111602      0.44946    -0.894577
   -0.116794     0.478243    -0.944011
   -0.118208      0.50745    -0.958201
     -0.1196      0.53649    -0.963768
   -0.120665     0.565488    -0.967353
   -0.120992     0.594215    -0.965247
   -0.120993     0.622901    -0.960174
   -0.122343     0.652014     -0.96573
   -0.124404     0.681203    -0.983336
   -0.128265       0.7117     -1.02703
   -0.136913        0.744     -1.09222
   -0.132214     0.770707     -1.06213
   -0.130074     0.797926     -1.02963
   -0.130522     0.826341     -1.02474
   -0.131533     0.854705      -1.0324
   -0.134355     0.885709     -1.06489
   -0.140322     0.918194     -1.11868
   -0.143358      0.94908     -1.15266
   -0.144025     0.978024     -1.16061
   -0.143935      1.00588     -1.15615
   -0.143969      1.03407     -1.15223
   -0.143794      1.06212     -1.15097
   -0.144303      1.09046     -1.15481
   -0.145234       1.1193     -1.16517
   -0.147025      1.14909     -1.18471
   -0.149297      1.18001     -1.21364
   -0.152952      1.21192     -1.25388
   -0.128825    -0.774417     -1.31346
   -0.126824    -0.738538     -1.28762
   -0.126913    -0.705779     -1.26145
   -0.126243    -0.671542     -1.23353
   -0.125427    -0.637892     -1.20682
   -0.125441    -0.605461     -1.18524
   -0.125111    -0.573383     -1.16727
   -0.125249    -0.541638     -1.15118
   -0.125782    -0.509861     -1.13652
   -0.126004    -0.478919     -1.12357
   -0.126173    -0.447491      -1.1087
   -0.126429    -0.416207     -1.09447
   -0.126446    -0.384905     -1.07917
   -0.126669    -0.353935     -1.06427
   -0.126592    -0.322652     -1.04866
   -0.126603    -0.291371     -1.03217
   -0.126425    -0.260444     -1.01604
   -0.126728    -0.229906     -1.00295
   -0.127155    -0.199509    -0.993275
   -0.127719     -0.16961    -0.987526
   -0.128957     -0.14032    -0.987291
   -0.130254    -0.111608    -0.989966
   -0.131959   -0.0813624    -0.996832
   -0.133732   -0.0524163     -1.00252
   -0.134599   -0.0231202    -0.999767
   -0.134533   0.00720091     -0.98548
    -0.13334    0.0381468    -0.962213
   -0.132481    0.0688149    -0.936741
   -0.131714    0.0987124    -0.916579
   -0.131425     0.128526    -0.898082
    -0.13002     0.158809    -0.873212
   -0.127848      0.18884    -0.839992
   -0.125829     0.218906     -0.80711
   -0.125149     0.248274    -0.784911
   -0.124627     0.276982    -0.770272
   -0.124792     0.305363    -0.763634
   -0.125914     0.333919    -0.767873
   -0.127977      0.36236    -0.780615
   -0.130104     0.390315    -0.805594
    -0.13691     0.419461    -0.866088
   -0.144054     0.448267    -0.928406
   -0.146286     0.477104    -0.952392
   -0.147267     0.506321    -0.957703
   -0.147858     0.535299    -0.959245
   -0.148798      0.56434     -0.96037
   -0.149426     0.593012    -0.959173
   -0.150194     0.621941    -0.960295
   -0.152077     0.650984    -0.969668
    -0.15355     0.680152    -0.982596
   -0.154481     0.709517     -1.00665
     -0.1673     0.743679     -1.09643
   -0.162636     0.770189     -1.07338
   -0.159532     0.797019     -1.03435
   -0.159355     0.825553     -1.02775
   -0.160311     0.853971     -1.03483
    -0.16328     0.884644     -1.06471
   -0.169247     0.916805     -1.11436
   -0.172639     0.948006      -1.1518
    -0.17431     0.977563     -1.16678
   -0.174737       1.0059     -1.16712
   -0.174309      1.03405     -1.16388
   -0.173912      1.06217     -1.16224
   -0.174367      1.09044     -1.16482
   -0.175479      1.11926     -1.17428
   -0.177175      1.14906     -1.19332
   -0.179515      1.17995      -1.2219
   -0.183279       1.2119     -1.26019
   -0.158603    -0.775289     -1.31358
   -0.157496    -0.740048     -1.28812
   -0.157584    -0.707143     -1.26174
   -0.156595    -0.673006     -1.23389
   -0.155745    -0.639372     -1.20706
   -0.155422    -0.606775     -1.18474
   -0.155428    -0.574844     -1.16672
   -0.155583    -0.543007     -1.15051
   -0.155644    -0.511145     -1.13528
   -0.155787    -0.479984     -1.12138
   -0.155914    -0.448578     -1.10663
   -0.156228    -0.417417     -1.09324
   -0.156214    -0.386196     -1.07831
   -0.156234    -0.355132     -1.06274
   -0.156063    -0.323797     -1.04641
   -0.155797    -0.292451     -1.02974
   -0.155795    -0.261614     -1.01377
   -0.156099     -0.23106     -1.00108
   -0.156653    -0.200825    -0.993741
   -0.157654    -0.171262     -0.99066
   -0.159097    -0.141952    -0.991802
   -0.160547     -0.11326    -0.996273
   -0.162546   -0.0835438     -1.00598
   -0.164684   -0.0545865     -1.01682
   -0.166631   -0.0257611     -1.02379
   -0.167045   0.00404508     -1.02214
   -0.166717    0.0345835     -1.00702
   -0.165319    0.0657184    -0.979316
   -0.163703    0.0962338    -0.952281
   -0.163575     0.126016      -0.9333
   -0.162885     0.156077    -0.914365
   -0.161274     0.186077    -0.884624
   -0.158012      0.21666    -0.845448
   -0.156022     0.246311    -0.814882
   -0.154991     0.275305    -0.794364
   -0.154772     0.304068    -0.783017
   -0.156288     0.332416    -0.786245
   -0.158169     0.361077    -0.802631
    -0.16194     0.389271    -0.843274
   -0.171619     0.418532    -0.918495
   -0.175114     0.446924    -0.958116
   -0.177013     0.476311    -0.969271
   -0.178034     0.505343    -0.970904
    -0.17822     0.534435    -0.968902
   -0.178751     0.563346    -0.966869
   -0.178989     0.592018    -0.965242
   -0.179896     0.621138    -0.967395
   -0.181447     0.650255    -0.977532
   -0.183849     0.679225    -0.989213
   -0.183673     0.708198     -1.00461
   -0.197289        0.743     -1.10023
   -0.193542     0.769678     -1.08417
   -0.190085     0.796594     -1.04372
   -0.189762     0.824863     -1.03655
   -0.190245     0.853486     -1.04363
   -0.193119     0.884099     -1.07227
   -0.198466     0.916046     -1.11712
    -0.20238     0.947036     -1.15384
   -0.204234     0.976967     -1.17304
   -0.205009      1.00578     -1.17796
   -0.204931      1.03411     -1.17668
   -0.204597      1.06236     -1.17522
   -0.204742      1.09066     -1.17699
    -0.20562      1.11945     -1.18628
   -0.207432      1.14922     -1.20508
   -0.210127      1.18023     -1.23345
   -0.214206      1.21212     -1.27046
   -0.190177    -0.777174     -1.31817
   -0.188884    -0.742447     -1.29173
   -0.188318    -0.709012     -1.26443
   -0.187106     -0.67487     -1.23639
    -0.18647    -0.641223     -1.20921
   -0.185785    -0.608372       -1.186
   -0.185365    -0.576162     -1.16701
   -0.185418    -0.544502     -1.15063
   -0.185534    -0.512441     -1.13525
   -0.185978    -0.481514     -1.12195
   -0.185901     -0.44998     -1.10698
   -0.186034    -0.418919     -1.09387
   -0.186117    -0.387689     -1.07897
   -0.185966    -0.356293     -1.06182
   -0.185738    -0.324873     -1.04406
   -0.185244    -0.293455     -1.02634
   -0.184951    -0.262429     -1.00977
   -0.185178    -0.231969    -0.997518
    -0.18601    -0.201992    -0.991677
   -0.187017    -0.172376    -0.989155
   -0.188523    -0.143037    -0.990556
    -0.19039    -0.114576    -0.997389
    -0.19271    -0.085491     -1.01207
   -0.195682    -0.056909      -1.0337
   -0.199627   -0.0291382     -1.06071
   -0.203304 -0.000875437     -1.08232
   -0.204879    0.0286827     -1.08549
    -0.20438     0.059523      -1.0651
   -0.200643    0.0914945      -1.0268
   -0.198046     0.122596    -0.992067
   -0.197281     0.152885    -0.970014
   -0.196601     0.182689    -0.949702
   -0.194627     0.212809     -0.92069
    -0.19182     0.243139    -0.888875
   -0.189203     0.272992    -0.856307
   -0.186746     0.302474    -0.823927
   -0.187238     0.330899     -0.81605
   -0.189587     0.359541    -0.833932
   -0.195354     0.388287    -0.881237
   -0.203631     0.416832    -0.945577
   -0.206644     0.446011    -0.980089
   -0.209879     0.475526    -0.997585
   -0.209972      0.50438    -0.995222
    -0.20928      0.53355    -0.989125
    -0.20951     0.562518    -0.984185
   -0.209945     0.591404    -0.980843
   -0.210262     0.620411    -0.980257
   -0.211668     0.649499     -0.98837
   -0.213951     0.678706     -1.00525
   -0.216804     0.708733     -1.03377
   -0.224773     0.741042      -1.0943
   -0.222837     0.769022     -1.08624
   -0.220305     0.796328     -1.05788
   -0.219537     0.824736     -1.05211
   -0.220737     0.853565     -1.06041
   -0.224196     0.883954     -1.08765
   -0.228385     0.915906     -1.12814
   -0.232343     0.946618     -1.16231
   -0.234794      0.97666     -1.18244
   -0.235386      1.00593     -1.19027
   -0.235583      1.03436     -1.19047
   -0.235536      1.06265     -1.18978
   -0.235807      1.09113     -1.19262
   -0.236908      1.12015     -1.20263
   -0.237989      1.14984     -1.22118
   -0.241117      1.18092      -1.2498
   -0.245024      1.21306      -1.2876
   -0.220751    -0.779021     -1.32326
   -0.219882    -0.744607     -1.29655
   -0.218935    -0.710846     -1.26833
   -0.217686    -0.676861     -1.24041
   -0.216829    -0.643059     -1.21246
   -0.216158    -0.610121     -1.18856
   -0.215908    -0.577841     -1.16892
   -0.215874    -0.546209     -1.15256
   -0.215842    -0.514109     -1.13742
    -0.21635    -0.483229     -1.12477
   -0.216113    -0.451754     -1.11007
   -0.216272    -0.420623     -1.09664
   -0.216296    -0.389232     -1.08076
   -0.215845    -0.357818     -1.06276
   -0.215575    -0.326184     -1.04412
   -0.214958    -0.294665     -1.02529
   -0.214375    -0.263658     -1.00836
   -0.214522    -0.233052    -0.995639
   -0.215355    -0.203121    -0.989877
   -0.216256    -0.173492    -0.987316
   -0.217696    -0.144215    -0.988614
   -0.219377    -0.115626    -0.996402
    -0.22226   -0.0870465     -1.01548
   -0.226381   -0.0590735     -1.05108
   -0.233119   -0.0326423     -1.09435
   -0.237745  -0.00455578     -1.12452
   -0.239323    0.0249582     -1.13329
   -0.239424    0.0556175      -1.1228
   -0.237696    0.0868191     -1.09695
   -0.235013     0.118304     -1.06106
   -0.232797     0.149302     -1.03048
   -0.231408     0.179912     -1.00928
   -0.230644      0.20979    -0.992978
   -0.230813     0.239477     -0.97932
   -0.230985     0.269073     -0.96192
   -0.225706     0.299437    -0.917276
   -0.220809     0.329341     -0.87212
   -0.221753     0.358302     -0.86877
   -0.226164     0.387257    -0.900661
    -0.23121     0.415511    -0.949113
   -0.237479     0.445136      -1.0005
   -0.241967     0.474421      -1.0276
   -0.241537     0.503596     -1.02209
   -0.240989     0.532923      -1.0126
   -0.240611     0.561918     -1.00503
   -0.240946     0.590754    -0.999422
   -0.241586     0.619662     -0.99644
   -0.242296     0.648882      -1.0023
   -0.244051      0.67821     -1.01976
   -0.248222     0.707824     -1.05053
   -0.253465     0.739095      -1.0903
   -0.254259     0.768932     -1.09771
   -0.252289      0.79655     -1.08196
   -0.251817     0.824943     -1.07646
   -0.253296     0.854097     -1.08723
   -0.255863     0.884388     -1.11325
   -0.260102     0.916336     -1.14814
   -0.263872     0.946697     -1.17781
   -0.265697     0.976745      -1.1958
   -0.266752      1.00602     -1.20424
   -0.266321       1.0347     -1.20648
   -0.266817      1.06343     -1.20854
   -0.267319      1.09201     -1.21295
   -0.268249      1.12115     -1.22332
   -0.269865      1.15102     -1.24216
   -0.272786      1.18236     -1.27231
   -0.252009    -0.781609      -1.3308
    -0.25125    -0.747701     -1.30533
   -0.249948    -0.713078     -1.27441
   -0.248567    -0.679025     -1.24593
   -0.247602    -0.645316     -1.21784
   -0.246688    -0.612093     -1.19287
   -0.246291    -0.579646     -1.17259
    -0.24648    -0.548013     -1.15632
   -0.246361    -0.516049     -1.14164
    -0.24665    -0.485054     -1.12914
   -0.246671    -0.453697     -1.11469
   -0.246745    -0.422432     -1.10042
   -0.246313    -0.390872     -1.08344
   -0.245745    -0.359302     -1.06494
   -0.245105    -0.327783     -1.04666
   -0.244657    -0.296224     -1.02795
   -0.244343    -0.265179     -1.01083
   -0.244477    -0.234614    -0.997623
   -0.244937    -0.204394    -0.990037
   -0.245831    -0.174831    -0.986793
   -0.247067     -0.14543    -0.987905
   -0.249098    -0.117065    -0.997311
   -0.252379   -0.0886389     -1.02087
   -0.258178   -0.0611148     -1.06539
   -0.263973   -0.0348595     -1.10976
   -0.268319  -0.00625688     -1.13667
   -0.270228    0.0232887     -1.14775
   -0.270795    0.0536481       -1.142
   -0.269942    0.0845238     -1.12483
   -0.268683     0.115553     -1.10173
   -0.266844     0.146405     -1.07549
   -0.265998      0.17704     -1.05566
   -0.265398     0.207258     -1.04073
   -0.265164     0.237167     -1.03043
   -0.265495     0.266949      -1.0251
   -0.266519     0.296493     -1.01682
   -0.263686     0.326312     -0.98534
   -0.260815     0.356094    -0.961849
   -0.261708      0.38549    -0.967599
   -0.265052     0.414825    -0.997038
   -0.272754     0.444067     -1.04287
    -0.27391     0.473386     -1.05385
   -0.273181     0.502833     -1.04545
    -0.27275     0.532099     -1.03604
   -0.273021      0.56134     -1.02763
   -0.272858     0.590239     -1.02055
   -0.272267     0.619098     -1.01687
   -0.273359       0.6485     -1.02122
   -0.275479     0.677744     -1.03577
   -0.279605     0.707929     -1.06653
   -0.285122     0.739263     -1.10893
   -0.286823     0.769018     -1.12735
   -0.285554       0.7972     -1.11566
   -0.284536     0.825712     -1.11053
   -0.286971     0.855707     -1.12412
   -0.290024      0.88561     -1.14724
   -0.292722      0.91685     -1.17378
   -0.295144     0.947266     -1.19727
   -0.297075      0.97698     -1.21273
   -0.298059      1.00636     -1.22163
   -0.298158      1.03526     -1.22632
   -0.298898      1.06441     -1.23138
   -0.299485      1.09339      -1.2374
   -0.300525      1.12264     -1.24811
   -0.302244      1.15255     -1.26789
   -0.305845      1.18422     -1.30502
   -0.282926     -0.75098     -1.31663
    -0.28129    -0.715668     -1.28321
   -0.279862    -0.681577     -1.25385
     -0.2788    -0.647721     -1.22516
   -0.277643    -0.614401     -1.19959
   -0.277077    -0.581927     -1.17864
    -0.27705    -0.550189     -1.16187
   -0.276823    -0.517976     -1.14655
   -0.277187     -0.48714      -1.1341
    -0.27692    -0.455574     -1.11924
   -0.276935    -0.424213     -1.10458
   -0.276601    -0.392645     -1.08792
    -0.27634     -0.36123     -1.07016
   -0.275539    -0.329725     -1.05222
   -0.275061    -0.298047     -1.03308
   -0.274463    -0.266969     -1.01556
    -0.27412    -0.236258     -1.00152
   -0.274619     -0.20594     -0.99252
   -0.275284    -0.176116    -0.987466
   -0.276228    -0.146585    -0.987217
   -0.278711    -0.118336    -0.997824
   -0.282577   -0.0903512     -1.02586
   -0.289214   -0.0628504     -1.07281
   -0.294724   -0.0363075     -1.11215
   -0.298314  -0.00750522     -1.13777
   -0.302339    0.0211902     -1.15785
   -0.302278    0.0516512     -1.15289
   -0.300524    0.0831059     -1.13286
   -0.300655     0.113481     -1.11967
   -0.299657     0.144287     -1.10114
   -0.298744     0.174897     -1.08436
   -0.298334     0.205163     -1.07139
   -0.298052     0.235234     -1.06081
   -0.297884     0.265115     -1.05236
   -0.298363     0.295029     -1.04899
   -0.299539     0.324605     -1.04901
   -0.301498      0.35402     -1.05394
   -0.302761     0.383506     -1.05782
   -0.303569     0.413449     -1.06521
   -0.305156     0.443051     -1.07471
   -0.305557     0.472471     -1.07255
   -0.305068     0.501891     -1.06526
   -0.305144     0.531281     -1.05793
   -0.304958     0.560603     -1.05014
   -0.304447     0.589669     -1.04302
   -0.304372     0.618638     -1.04003
   -0.304907     0.648052     -1.04479
   -0.307178     0.677564     -1.05809
   -0.310689     0.707387     -1.08403
   -0.315704     0.738762     -1.12568
   -0.319651     0.769419      -1.1536
   -0.318763     0.798036     -1.15019
    -0.31909     0.827122     -1.14962
   -0.320971     0.856942     -1.16103
   -0.323007     0.886721     -1.17727
   -0.324944     0.917007     -1.19633
   -0.326927       0.9477     -1.21569
   -0.328836     0.977376     -1.23031
     -0.3297      1.00697     -1.24089
   -0.330492      1.03617     -1.24869
   -0.331435      1.06573     -1.25718
   -0.331673       1.0949     -1.26557
   -0.333117       1.1246     -1.27983
   -0.335737      1.15522     -1.30675
   -0.315247    -0.754614     -1.32973
   -0.313254    -0.718787     -1.29496
   -0.311741    -0.684728     -1.26516
   -0.310144    -0.650632     -1.23489
   -0.309078    -0.616935     -1.20754
   -0.308072    -0.584107     -1.18533
   -0.307719    -0.552405     -1.16786
   -0.307421    -0.519988     -1.15146
   -0.307558     -0.48895     -1.13832
   -0.307348    -0.457402     -1.12376
   -0.307801     -0.42621     -1.11001
   -0.307479    -0.394762     -1.09463
   -0.307005     -0.36332     -1.07789
   -0.306589    -0.332122     -1.06081
   -0.305487    -0.300104     -1.04092
   -0.304847    -0.268943     -1.02297
   -0.304485    -0.238088     -1.00793
   -0.304781    -0.207688    -0.998098
   -0.305483    -0.177804    -0.992418
   -0.306408    -0.148167    -0.990263
   -0.308866    -0.119818    -0.999928
   -0.312895    -0.092148     -1.02946
   -0.318983   -0.0642105     -1.07316
   -0.323878   -0.0371514      -1.1074
    -0.32756  -0.00833978     -1.13223
    -0.33168    0.0203864     -1.15225
   -0.331959    0.0506667      -1.1486
   -0.330327    0.0821093      -1.1307
   -0.331331     0.112148     -1.12459
   -0.331763      0.14237     -1.11677
   -0.330749     0.173011     -1.10278
    -0.32971     0.203582     -1.08896
   -0.329862     0.233551     -1.07801
   -0.329539     0.263573     -1.06834
   -0.329352     0.293646     -1.06114
   -0.330099     0.323311     -1.05832
   -0.331205     0.352903     -1.06145
   -0.332572     0.382368      -1.0683
   -0.334768     0.412232     -1.07763
   -0.336089      0.44198     -1.08487
   -0.336854     0.471488     -1.08681
   -0.336762     0.500959     -1.08324
   -0.337011     0.530435     -1.07835
    -0.33683     0.559896     -1.07247
   -0.336771     0.589132     -1.06656
   -0.336723     0.618282      -1.0641
   -0.337524     0.647773     -1.06939
    -0.33999     0.677335     -1.08375
   -0.342936     0.707502     -1.10717
   -0.347524     0.738354     -1.14148
   -0.350791     0.768683     -1.16647
   -0.351148      0.79836     -1.17317
   -0.352091      0.82767     -1.17831
   -0.353337     0.857324     -1.18693
   -0.355011     0.887151     -1.19934
   -0.356438     0.916889     -1.21407
   -0.358623     0.947868     -1.23164
   -0.360558     0.977595     -1.24667
   -0.361837       1.0075        -1.26
   -0.363008      1.03718     -1.27182
   -0.364803      1.06719     -1.28563
   -0.366183      1.09701     -1.30042
   -0.367955      1.12763     -1.32362
   -0.372192      1.16012      -1.3678
   -0.344699     -0.72193     -1.30811
   -0.343769    -0.687984      -1.2776
   -0.341768    -0.653526     -1.24497
   -0.339917    -0.619247     -1.21516
   -0.339026    -0.586402     -1.19208
   -0.338965    -0.554722      -1.1747
    -0.33846    -0.522198     -1.15786
   -0.338428    -0.490976     -1.14439
   -0.338337    -0.459604     -1.13056
   -0.338602      -0.4284     -1.11709
   -0.338186    -0.396937     -1.10241
    -0.33769    -0.365517     -1.08622
   -0.337242    -0.334248     -1.06981
   -0.336592    -0.302481     -1.05125
   -0.335912    -0.271254     -1.03361
   -0.335558    -0.240371     -1.01812
   -0.335492    -0.209779      -1.0072
   -0.336202    -0.179801     -1.00075
     -0.3366    -0.149957    -0.995602
    -0.33827    -0.121077     -1.00301
    -0.34306   -0.0937901     -1.03154
   -0.348274   -0.0651092     -1.06844
   -0.352872    -0.037994     -1.09837
   -0.356996  -0.00929328     -1.12243
   -0.359295    0.0201318     -1.13684
   -0.360574    0.0500726     -1.13684
    -0.35991    0.0809571     -1.12552
   -0.360616     0.111121     -1.12211
   -0.362417     0.140988     -1.12303
   -0.362383     0.171165     -1.11716
   -0.361154     0.201833     -1.10476
   -0.360542     0.232111     -1.09113
   -0.360719     0.262116     -1.07971
   -0.360146     0.292215      -1.0704
   -0.360742      0.32206     -1.06459
   -0.360908     0.351745     -1.06357
   -0.362167     0.381305     -1.06753
   -0.363767     0.411108     -1.07563
   -0.365747     0.440856     -1.08578
   -0.367343     0.470459     -1.09473
   -0.368362     0.500086     -1.09881
   -0.368896     0.529613     -1.09845
   -0.368678     0.559251     -1.09525
   -0.369263     0.588573     -1.09147
   -0.369487     0.617919     -1.08939
   -0.369733     0.647326     -1.09252
   -0.372691     0.677168     -1.10517
   -0.374578     0.707045     -1.12472
   -0.377503       0.7376     -1.14997
   -0.380772      0.76766     -1.17036
   -0.382093     0.797652     -1.18328
   -0.384027     0.827611     -1.19458
   -0.384987     0.857363     -1.20489
   -0.386825     0.887233     -1.21695
   -0.387847     0.916864     -1.23029
   -0.390104     0.948034     -1.24755
   -0.392494     0.977804     -1.26417
   -0.394481      1.00809       -1.281
   -0.396082      1.03826     -1.29741
   -0.398574      1.06878     -1.31769
   -0.401322      1.09992     -1.34431
   -0.405264      1.13238     -1.38444
   -0.377047    -0.725348     -1.32243
   -0.375661    -0.691115     -1.28905
    -0.37308    -0.656187     -1.25494
   -0.371203    -0.621934     -1.22434
   -0.369945    -0.588773     -1.20027
       -0.37    -0.557088     -1.18301
   -0.369537    -0.524633     -1.16658
   -0.369577    -0.493388     -1.15332
   -0.369346    -0.462056     -1.13987
   -0.369346    -0.430699     -1.12597
   -0.369192     -0.39926     -1.11175
   -0.368934     -0.36797     -1.09632
   -0.368458      -0.3367      -1.0803
   -0.367663     -0.30488     -1.06264
   -0.367055    -0.273771     -1.04605
   -0.366782      -0.2428      -1.0308
   -0.366526    -0.212139     -1.01881
   -0.366846    -0.181833     -1.01067
   -0.367113    -0.151727     -1.00308
   -0.368367    -0.122505     -1.00714
   -0.372469   -0.0950896     -1.03093
   -0.377356   -0.0658446     -1.06168
   -0.381582    -0.038517     -1.08754
   -0.386552    -0.010032     -1.11301
   -0.388506    0.0193142     -1.12736
   -0.389882    0.0493502     -1.12875
   -0.389952    0.0799295     -1.12093
   -0.390566      0.10999     -1.11855
    -0.39212     0.139721     -1.12427
   -0.393148     0.169661     -1.12613
   -0.393929     0.200079     -1.12092
   -0.392534     0.230442     -1.10726
   -0.391783     0.260703      -1.0918
   -0.390963     0.290875     -1.07963
   -0.391044     0.320853     -1.07181
   -0.390939     0.350574     -1.06751
   -0.391855     0.380148     -1.06862
    -0.39349     0.409955     -1.07443
   -0.395031     0.439706     -1.08361
   -0.397177     0.469288     -1.09493
   -0.399579     0.499051     -1.10632
   -0.401103     0.528662     -1.11444
   -0.401504     0.558527     -1.11716
   -0.401921     0.587993     -1.11585
   -0.401477     0.617583     -1.11427
    -0.40213     0.646823     -1.11575
   -0.403706     0.676742     -1.12476
   -0.406066     0.706605     -1.14017
   -0.408722     0.736853     -1.16034
   -0.411102     0.767103     -1.17844
   -0.413054     0.797119     -1.19273
   -0.415419     0.827366      -1.2071
   -0.416917     0.857278     -1.21991
   -0.418781     0.887229     -1.23303
   -0.420054     0.916877     -1.24692
   -0.422254     0.948268      -1.2655
   -0.425062     0.978407     -1.28573
   -0.427658      1.00904     -1.30674
   -0.430208      1.03989     -1.33016
   -0.434021      1.07145     -1.36029
   -0.438877      1.10437     -1.40116
   -0.407697    -0.694523     -1.30331
    -0.40522    -0.659465     -1.26849
   -0.403165    -0.624817      -1.2366
   -0.402122    -0.591821     -1.21192
   -0.401582    -0.559868     -1.19409
   -0.401093    -0.527601     -1.17814
   -0.400904    -0.496117     -1.16459
   -0.400968    -0.464753     -1.15117
     -0.4008     -0.43331     -1.13683
   -0.400795    -0.401879     -1.12262
   -0.400206    -0.370482     -1.10761
   -0.399939    -0.339239     -1.09242
   -0.398974    -0.307466      -1.0755
   -0.398384     -0.27628     -1.05965
   -0.398247    -0.245396     -1.04536
   -0.397917    -0.214609     -1.03241
   -0.397814    -0.184015     -1.02263
    -0.39849    -0.154075     -1.01545
    -0.39911    -0.124418     -1.01441
    -0.40203   -0.0962489     -1.03022
   -0.406911   -0.0669563     -1.05746
   -0.410597   -0.0392813     -1.07919
   -0.415456   -0.0108835     -1.10439
   -0.418469    0.0181959     -1.12382
   -0.419817    0.0482944     -1.12682
   -0.419727    0.0786345     -1.12002
   -0.420246     0.108884     -1.11776
   -0.422416     0.138522     -1.12608
   -0.424691     0.168288     -1.13243
   -0.425316     0.198568     -1.13263
   -0.425082     0.228681     -1.12431
   -0.424007     0.259082     -1.10747
   -0.422287     0.289485     -1.09081
   -0.421638     0.319531     -1.08015
   -0.421906     0.349379     -1.07345
   -0.422386     0.378947     -1.07203
   -0.423562     0.408703     -1.07633
    -0.42495     0.438556     -1.08442
   -0.427054     0.468134     -1.09455
   -0.429406     0.497808     -1.10719
   -0.431568     0.527659     -1.12163
   -0.433883     0.557691     -1.13388
    -0.43471     0.587445     -1.13927
   -0.435156     0.617074     -1.14103
   -0.435966     0.646648      -1.1437
   -0.436732     0.676588      -1.1504
   -0.438547     0.706384      -1.1615
   -0.440629     0.736501      -1.1759
   -0.443036     0.766662     -1.19087
   -0.444728     0.796575     -1.20428
   -0.446458     0.826879     -1.21877
   -0.448743     0.856957     -1.23385
   -0.450725     0.887243     -1.25002
   -0.453183     0.917312     -1.26742
   -0.455365     0.948594     -1.28916
   -0.458454     0.979582     -1.31487
   -0.461919      1.01071     -1.34202
   -0.465626      1.04275     -1.37465
   -0.471168      1.07544     -1.41381
   -0.440914    -0.698774      -1.3232
   -0.438244    -0.663532     -1.28744
   -0.435516    -0.628493     -1.25338
   -0.434258    -0.595234     -1.22701
   -0.433479    -0.562897     -1.20792
   -0.433107    -0.530791     -1.19199
   -0.432905    -0.499035     -1.17762
   -0.432683    -0.467646     -1.16411
   -0.432344    -0.435945     -1.14843
   -0.431997    -0.404246     -1.13313
   -0.431699       -0.373     -1.11882
   -0.431382    -0.341896     -1.10555
   -0.430929    -0.310341     -1.09053
   -0.430419    -0.279064     -1.07553
   -0.430031    -0.248161     -1.06153
   -0.429578    -0.217262     -1.04765
   -0.429363    -0.186379     -1.03586
   -0.429751    -0.156339     -1.02808
   -0.430234     -0.12651     -1.02384
   -0.432094   -0.0977216      -1.0329
   -0.437064   -0.0683964     -1.05691
   -0.439746   -0.0400696     -1.07561
   -0.443997   -0.0118938     -1.10087
   -0.448854    0.0169845      -1.1235
   -0.449777    0.0469529     -1.12748
   -0.450445    0.0772372     -1.12339
   -0.450642     0.107501     -1.12099
   -0.453284      0.13717     -1.13057
   -0.455255     0.166762     -1.13959
   -0.456346     0.197222     -1.14137
   -0.456966     0.227135     -1.13745
   -0.456056     0.257499     -1.12329
   -0.453955     0.288062     -1.10363
   -0.452951     0.318234     -1.09043
    -0.45269     0.348091     -1.08204
   -0.453265     0.377811     -1.07934
   -0.453877     0.407462     -1.08224
   -0.455396     0.437435     -1.08951
   -0.457379     0.467042      -1.0989
   -0.459466      0.49679     -1.11073
   -0.461735     0.526617     -1.12594
   -0.464932     0.556873     -1.14388
   -0.467172     0.586769      -1.1573
   -0.468651      0.61668     -1.16564
   -0.469361     0.646493      -1.1714
    -0.47008     0.676329     -1.17756
   -0.471568     0.706312     -1.18641
   -0.472797     0.736187     -1.19586
   -0.474922     0.766276     -1.20706
   -0.476627     0.796127     -1.21869
   -0.478543     0.826583     -1.23447
   -0.481274     0.857027     -1.25305
   -0.484167     0.887631     -1.27333
   -0.487146     0.918419     -1.29643
   -0.490062     0.949546     -1.32304
   -0.494477     0.981957     -1.35553
   -0.498516      1.01366     -1.38936
   -0.503508      1.04625     -1.42755
   -0.472104     -0.66838     -1.31196
   -0.468409    -0.632692     -1.27494
   -0.467152    -0.599208     -1.24681
   -0.466349    -0.566586     -1.22631
   -0.465672    -0.534438     -1.20905
   -0.464847    -0.502097     -1.19274
    -0.46486    -0.470818     -1.17928
   -0.464417    -0.438881     -1.16241
    -0.46363    -0.406913      -1.1459
   -0.463265    -0.375531     -1.13159
   -0.463403    -0.344705     -1.12043
   -0.463231    -0.313452     -1.10805
    -0.46288    -0.282168     -1.09442
   -0.462328    -0.251133     -1.07993
   -0.461434    -0.219957      -1.0639
   -0.460986    -0.188821      -1.0495
   -0.460735     -0.15839     -1.03867
   -0.460814    -0.128155     -1.03166
   -0.462785   -0.0993761     -1.03789
   -0.467091   -0.0698531     -1.05892
   -0.469762   -0.0414073     -1.07673
   -0.474228   -0.0131733     -1.10011
   -0.478878    0.0158881      -1.1234
   -0.480844     0.045466     -1.13206
   -0.481379    0.0755812     -1.13119
   -0.481591     0.105872     -1.12876
   -0.484449     0.135579     -1.13876
   -0.486621     0.165275     -1.14857
   -0.487374     0.195654     -1.15034
   -0.487999      0.22583     -1.14704
   -0.487688     0.256034     -1.13543
   -0.486157     0.286617     -1.11649
   -0.484833     0.316869     -1.10253
   -0.484178     0.346795     -1.09329
   -0.484357     0.376596     -1.08946
   -0.484977     0.406213     -1.09149
   -0.486295     0.436353     -1.09827
   -0.488328     0.465884     -1.10742
   -0.490704     0.495683     -1.11947
   -0.492927     0.525546     -1.13405
   -0.495781     0.555821     -1.15274
   -0.498259     0.585989     -1.17022
   -0.500571     0.616069     -1.18435
   -0.502562     0.646104     -1.19504
   -0.503605      0.67604     -1.20354
   -0.505245     0.706311     -1.21348
   -0.506887     0.736201       -1.222
   -0.507831     0.766192     -1.23132
   -0.509183     0.796246     -1.24276
   -0.512008     0.826898     -1.26077
   -0.515011     0.857736     -1.28336
   -0.518501     0.888766     -1.30801
   -0.522443      0.92007     -1.33676
   -0.526651     0.951574     -1.36791
   -0.531625     0.984563     -1.40387
   -0.536533      1.01672     -1.44225
   -0.503231    -0.638276     -1.30401
   -0.500877    -0.603938     -1.27219
   -0.499807    -0.570898     -1.24928
     -0.4988    -0.538644     -1.23069
   -0.497766    -0.505693     -1.21198
   -0.497776    -0.474254     -1.19797
   -0.497123    -0.442377     -1.18163
   -0.496497    -0.410447     -1.16507
   -0.495979    -0.378851     -1.15029
   -0.496042    -0.347898     -1.13934
   -0.496036    -0.316834     -1.12803
   -0.495699    -0.285387     -1.11496
   -0.495149    -0.254354     -1.10111
   -0.494014    -0.222977     -1.08377
   -0.492853    -0.191385     -1.06573
   -0.492008    -0.160461     -1.05099
    -0.49195    -0.130287     -1.04285
   -0.493723    -0.101174     -1.04776
    -0.49778   -0.0718657     -1.06647
   -0.500869   -0.0429395      -1.0843
   -0.504951   -0.0147115     -1.10601
   -0.510092    0.0140051     -1.13078
   -0.512908    0.0434686     -1.14631
   -0.513435     0.073734      -1.1448
   -0.513315     0.104122     -1.14222
   -0.516198     0.133903     -1.15154
   -0.518564     0.163674     -1.16035
   -0.519034        0.194     -1.16128
   -0.519624      0.22432     -1.15542
    -0.51884     0.254641      -1.1431
   -0.517172     0.285112     -1.12686
    -0.51609     0.315606      -1.1144
   -0.515413     0.345558     -1.10581
   -0.515914     0.375365     -1.10199
   -0.516627     0.404975     -1.10409
   -0.518323      0.43529     -1.11132
    -0.51994      0.46484     -1.12033
   -0.522265     0.494706     -1.13268
   -0.524654     0.524655     -1.14731
   -0.527871     0.554871     -1.16566
   -0.530621     0.585128     -1.18433
     -0.5331     0.615465     -1.20162
    -0.53588     0.645676     -1.21672
   -0.537718     0.675765     -1.22921
   -0.539909     0.706306     -1.24231
   -0.541752     0.736458     -1.25386
   -0.542807     0.766654     -1.26609
   -0.544605     0.797099     -1.28158
   -0.548038     0.827989     -1.30324
   -0.551649     0.859374     -1.33027
   -0.556308      0.89092     -1.35917
   -0.561131     0.922798     -1.39058
   -0.564889     0.954617     -1.42311
   -0.569671      0.98686     -1.45896
   -0.535608    -0.609207      -1.3032
   -0.534026    -0.575682     -1.27654
   -0.533307    -0.543538     -1.25735
    -0.53166    -0.510116     -1.23709
   -0.531648    -0.478486     -1.22162
   -0.530888    -0.446453     -1.20562
   -0.530321    -0.414576     -1.18906
   -0.529391    -0.382724     -1.17373
   -0.529324    -0.351464     -1.16138
   -0.529192    -0.320331     -1.14989
   -0.528684    -0.288787     -1.13728
   -0.528374    -0.257814      -1.1251
   -0.527584    -0.226436     -1.10861
   -0.525787    -0.194568     -1.08756
   -0.524214    -0.163052     -1.06805
   -0.523965    -0.132624     -1.05899
   -0.526192    -0.103518     -1.06419
    -0.52975   -0.0743794      -1.0799
   -0.533032   -0.0448742     -1.09752
   -0.536959   -0.0165778     -1.11834
   -0.541857    0.0121528     -1.14417
   -0.546295    0.0411549     -1.16647
   -0.546006    0.0716122     -1.16721
   -0.547534     0.101953     -1.16624
   -0.549313     0.131894     -1.17102
    -0.55125     0.161906     -1.17534
   -0.551197     0.192339     -1.17282
   -0.550779     0.222922     -1.16282
   -0.549369     0.253445      -1.1493
   -0.548838     0.283645     -1.13664
   -0.548152     0.314183     -1.12695
   -0.547237     0.344233     -1.11997
   -0.547943      0.37405     -1.11749
   -0.549069     0.403708     -1.12023
   -0.550741     0.434143     -1.12854
   -0.552863     0.463888     -1.13888
     -0.5548     0.493715     -1.15145
   -0.557409     0.523893     -1.16669
    -0.56058     0.554079     -1.18565
   -0.563635     0.584499     -1.20567
   -0.566887       0.6148     -1.22475
   -0.569366     0.645121     -1.24248
   -0.571994     0.675497     -1.25947
   -0.575023     0.706401     -1.27797
   -0.577894     0.737141     -1.29691
   -0.581116     0.768073     -1.31686
   -0.584276      0.79913     -1.33939
    -0.58818     0.830384     -1.36406
   -0.592211     0.862012     -1.39202
   -0.596245     0.893706     -1.42252
   -0.600331     0.925843     -1.45488
    -0.57171    -0.615684     -1.34202
    -0.56924    -0.581341     -1.30974
   -0.567696    -0.548429     -1.28732
   -0.566242    -0.515128     -1.26575
   -0.565556    -0.482722     -1.24726
   -0.564663    -0.450588     -1.23037
   -0.563931    -0.418592      -1.2131
   -0.563078    -0.386582     -1.19745
    -0.56261    -0.355039     -1.18395
   -0.562714    -0.323913     -1.17271
   -0.562237    -0.292381      -1.1613
   -0.562251    -0.261378     -1.15083
    -0.56192    -0.230287      -1.1374
   -0.560138    -0.198394     -1.11604
   -0.557185     -0.16602     -1.09173
   -0.556578    -0.135409     -1.07932
    -0.55909     -0.10592     -1.08299
   -0.562106   -0.0772541     -1.09724
   -0.565715   -0.0472146     -1.11633
   -0.570072   -0.0190445     -1.13907
   -0.575859   0.00943815      -1.1691
   -0.580872    0.0383981      -1.1951
    -0.58321    0.0683008     -1.20416
   -0.582939    0.0990629     -1.20117
    -0.58316     0.129687     -1.19672
   -0.583649     0.160161     -1.19321
   -0.583482      0.19072       -1.185
   -0.582384     0.221596       -1.171
   -0.580993     0.252064     -1.15774
   -0.580489     0.282276     -1.14812
   -0.580288     0.312723     -1.14163
   -0.579891     0.342808     -1.13674
   -0.580301     0.372841     -1.13577
   -0.581956     0.402573     -1.13986
   -0.583865     0.432857     -1.14942
   -0.585729     0.462912     -1.16228
   -0.588482     0.492949     -1.17764
   -0.591486     0.523127     -1.19559
   -0.595258      0.55336     -1.21679
   -0.598743     0.584111     -1.23983
    -0.60306      0.61472     -1.26265
   -0.606617     0.645383     -1.28569
   -0.609926     0.676371      -1.3082
   -0.613811     0.707269     -1.33099
   -0.616605     0.738711     -1.35458
   -0.620371     0.769799     -1.37854
    -0.62385      0.80123     -1.40413
   -0.627994     0.832782     -1.43153
   -0.632847     0.864731     -1.46238
   -0.603105    -0.553854     -1.32167
   -0.601864    -0.520931     -1.29918
   -0.599809    -0.487258     -1.27634
   -0.598899    -0.454989     -1.25767
   -0.597784    -0.422574     -1.23846
   -0.596986    -0.390402     -1.22195
   -0.596352    -0.358695     -1.20797
   -0.596398    -0.327541     -1.19769
    -0.59619    -0.296264     -1.18846
   -0.596358     -0.26509     -1.17957
   -0.596677     -0.23426     -1.16987
   -0.595265     -0.20261     -1.15164
   -0.592483     -0.17007     -1.12585
   -0.590868    -0.138621     -1.10651
   -0.591495    -0.108423      -1.1037
   -0.595036   -0.0801842     -1.11816
    -0.59939   -0.0500393     -1.14099
   -0.604376   -0.0217105     -1.16633
   -0.609946   0.00675934      -1.1974
   -0.615973     0.035625     -1.22537
   -0.618759    0.0653665     -1.23843
   -0.619067    0.0961891     -1.23638
   -0.618201      0.12719     -1.22659
   -0.617395     0.158112     -1.21459
   -0.615966     0.188973     -1.19943
   -0.614297     0.220151     -1.18329
   -0.613534     0.250625     -1.17176
   -0.613475     0.280902     -1.16466
   -0.613433     0.311283      -1.1607
   -0.613937      0.34142     -1.15902
   -0.614256     0.371445     -1.16005
   -0.615665     0.401367     -1.16627
   -0.617848     0.431544     -1.17868
   -0.620826     0.461961     -1.19577
   -0.624371     0.492144     -1.21534
   -0.628006     0.522482     -1.23733
   -0.632189      0.55313     -1.26053
    -0.63581     0.583873     -1.28591
   -0.640096      0.61476     -1.31237
   -0.644112     0.645783     -1.33951
   -0.648876     0.677298      -1.3673
   -0.652832     0.708463     -1.39256
    -0.65668      0.73989     -1.41824
   -0.661464     0.771894     -1.44764
   -0.638835    -0.527459      -1.3413
   -0.635863    -0.492909      -1.3151
   -0.635057    -0.460514     -1.29476
   -0.633518    -0.427661     -1.27435
   -0.632055    -0.395256     -1.25613
   -0.631693    -0.363394     -1.24181
   -0.631742    -0.332039     -1.23192
   -0.632061    -0.301067      -1.2246
   -0.632458     -0.26983     -1.21756
   -0.632909    -0.238951     -1.21036
    -0.63258    -0.207627       -1.197
   -0.629829    -0.175225     -1.17305
   -0.626844    -0.142732     -1.14735
    -0.62638    -0.111968     -1.13591
   -0.629572    -0.082976     -1.14632
   -0.633807   -0.0534757     -1.16888
   -0.638854   -0.0244052     -1.19644
   -0.645297   0.00375989     -1.22653
   -0.649794    0.0330452     -1.25178
   -0.652766    0.0629733     -1.26576
   -0.654121    0.0936303     -1.26666
   -0.653405     0.124778     -1.25556
   -0.651796     0.156007     -1.23845
    -0.64958     0.187137      -1.2191
   -0.647319     0.218426     -1.20289
   -0.646827     0.249007     -1.19253
   -0.647091      0.27931     -1.18697
   -0.647172     0.309617     -1.18487
   -0.648261      0.33995     -1.18692
   -0.649992     0.370041     -1.19267
   -0.652098     0.400169     -1.20396
   -0.655183     0.430197     -1.22075
   -0.659271      0.46099     -1.24345
   -0.663127      0.49156     -1.26718
   -0.666794     0.522152     -1.29153
    -0.67085     0.552926     -1.31755
   -0.676424     0.583982     -1.34726
   -0.681739     0.615255     -1.37978
   -0.673951    -0.467775     -1.34852
   -0.672343    -0.434902     -1.32776
   -0.670903    -0.402283      -1.3087
   -0.670322    -0.370126     -1.29396
   -0.670285    -0.338395     -1.28306
   -0.670439    -0.307212     -1.27594
   -0.671199    -0.276027      -1.2709
   -0.671796    -0.244991     -1.26579
   -0.671863     -0.21367      -1.2568
    -0.67045    -0.181891     -1.23974
   -0.667551    -0.149192     -1.21515
   -0.664652    -0.117072     -1.19466
   -0.666507   -0.0868085     -1.19534
   -0.670053   -0.0580334     -1.21112
   -0.674516   -0.0275174     -1.23416
   -0.681018   0.00086945     -1.26176
   -0.685922     0.030153     -1.28554
   -0.688873    0.0602029     -1.29811
   -0.689861    0.0909591     -1.29774
   -0.688461     0.122454     -1.28543
   -0.686338     0.153905     -1.26678
   -0.684514     0.185054     -1.24843
   -0.682814     0.216295     -1.23307
   -0.681602     0.247063     -1.22234
   -0.682015     0.277499     -1.21766
   -0.682253     0.307861     -1.21702
   -0.683245      0.33846       -1.222
   -0.685673     0.368626     -1.23311
   -0.689142     0.398778     -1.25052
   -0.711996    -0.378497      -1.3627
   -0.711622    -0.346396     -1.35001
   -0.711685    -0.314755     -1.34185
   -0.712414     -0.28362     -1.33757
   -0.712906     -0.25205     -1.33417
   -0.713924    -0.221114     -1.33053
   -0.714229    -0.189643     -1.32308
   -0.713731    -0.157991      -1.3119
   -0.712931    -0.126231     -1.29981
    -0.71296   -0.0947262     -1.29317
   -0.714689    -0.064403     -1.29549
   -0.718003   -0.0342866     -1.30507
   -0.719474  -0.00298191      -1.3176
   -0.723146    0.0267552     -1.33031
   -0.725886    0.0571498     -1.33717
   -0.726213    0.0880907     -1.33502
   -0.725455     0.119647     -1.32431
   -0.723205     0.151278     -1.30697
    -0.72186     0.182614     -1.29109
   -0.720735      0.21374     -1.27738
   -0.718883     0.244925     -1.26612
   -0.719381     0.275509     -1.26182
   -0.720463     0.306002     -1.26349
     -0.7214     0.336676     -1.27163
    -0.76585   -0.0419595     -1.41559
    -0.76653   -0.0103995     -1.41096
   -0.765559    0.0221761     -1.40457
    -0.76563     0.053414      -1.3973
   -0.765229    0.0848558     -1.38898
   -0.764798     0.116318     -1.37892
   -0.763902     0.147835     -1.36612
   -0.763092     0.179328     -1.35382
   -0.761953     0.210619     -1.34291
   -0.760568     0.242105     -1.33392