V
   0.0714764    -0.506584     -1.48739
    0.103095    -0.506148     -1.46985
     0.13477    -0.504896     -1.45158
    0.166685    -0.503822     -1.43111
    0.198263    -0.502144     -1.40887
    0.229517    -0.500886     -1.39233
    0.260979    -0.499606      -1.3813
    0.291753    -0.497683     -1.37376
    0.322397    -0.497006     -1.37517
   -0.116961    -0.484591     -1.46919
  -0.0831471    -0.483745     -1.43479
  -0.0510979    -0.481868     -1.42082
  -0.0206348    -0.481445     -1.42373
   0.0106797    -0.478799     -1.42769
   0.0415751    -0.477338     -1.43122
   0.0720418     -0.47666     -1.43072
    0.103647    -0.475641     -1.41914
    0.135361    -0.474427     -1.40036
    0.167218    -0.472942     -1.37573
    0.198661    -0.471601     -1.35325
     0.22972    -0.470524     -1.33819
    0.260837    -0.469382     -1.32847
    0.291221    -0.467804     -1.32328
    0.321745    -0.466576     -1.32433
    0.352179    -0.466105     -1.33039
    0.382656    -0.464811     -1.34037
    0.567021    -0.456174     -1.43614
   -0.242057    -0.458439     -1.46469
   -0.209025    -0.457128     -1.44103
   -0.175414    -0.456132     -1.40497
   -0.140603    -0.455236     -1.35694
   -0.107325    -0.454317     -1.32087
  -0.0764381    -0.452888      -1.3136
  -0.0468624    -0.451687     -1.32546
  -0.0175601    -0.450197     -1.34648
   0.0127085    -0.447811     -1.36807
   0.0422011    -0.446737     -1.38339
    0.072701     -0.44623     -1.38793
    0.103963    -0.444845     -1.37882
    0.135589    -0.443735     -1.35928
    0.167439    -0.442967     -1.33367
    0.198572    -0.442174     -1.31269
    0.229583    -0.440627     -1.29958
    0.260244     -0.43913     -1.29151
    0.290623    -0.438025     -1.28756
     0.32094    -0.437141     -1.28708
    0.351447    -0.435822      -1.2903
    0.381704    -0.434455     -1.29602
    0.412062    -0.432915     -1.30348
    0.442235    -0.431737      -1.3142
    0.472827    -0.430529     -1.32886
    0.503785    -0.429085     -1.34346
    0.534126    -0.428007     -1.35707
    0.564533    -0.426835     -1.37231
    0.595406    -0.425198      -1.3888
    0.626315    -0.423613     -1.40699
    0.657296    -0.422274     -1.42287
    0.688075    -0.421486     -1.43628
     0.71908    -0.419923     -1.44817
    0.749889    -0.418623     -1.45856
     0.78091    -0.417042     -1.46906
    0.811358    -0.415564     -1.47906
    0.842264    -0.414277     -1.49068
   -0.365596    -0.432328     -1.44523
   -0.332684    -0.431683     -1.42493
   -0.300214    -0.430542     -1.40488
   -0.267555    -0.429255     -1.38423
   -0.234536    -0.428475     -1.36211
   -0.201687    -0.427116     -1.33292
   -0.168012    -0.426351     -1.29262
   -0.134744    -0.425366     -1.25688
   -0.103729    -0.424485     -1.24381
  -0.0743297    -0.423412     -1.25376
  -0.0457134    -0.422074     -1.27477
  -0.0157462    -0.419879     -1.30163
   0.0132576    -0.418275     -1.32791
   0.0427615    -0.416864     -1.34653
   0.0731017    -0.415795     -1.35103
    0.104237    -0.414459     -1.34258
    0.135628    -0.413514     -1.32484
    0.167043    -0.412564     -1.30323
    0.198114    -0.411587     -1.28402
    0.229049    -0.410285     -1.27177
    0.259625    -0.409494     -1.26394
    0.289919     -0.40826     -1.25945
    0.320177    -0.407235     -1.25695
    0.350635     -0.40611     -1.25712
    0.380754    -0.404583     -1.25831
    0.410984    -0.403319     -1.26126
     0.44101     -0.40237     -1.26736
    0.471519    -0.401205     -1.27879
    0.501776    -0.399753     -1.29115
    0.532095    -0.398175     -1.30427
    0.562517    -0.396984     -1.31913
    0.593023    -0.395885     -1.33384
    0.623593    -0.393872     -1.34704
    0.654088    -0.392676     -1.35829
    0.684591    -0.391032     -1.36823
    0.715034    -0.389905     -1.37794
    0.745682    -0.388342     -1.38874
      0.7764    -0.387257     -1.40025
    0.807101    -0.385921     -1.41258
    0.837801    -0.385177     -1.42604
    0.868611    -0.383536     -1.43986
    0.899622    -0.382208     -1.45747
    0.930702    -0.380892     -1.47764
   -0.458784    -0.405684     -1.44272
   -0.425544    -0.404745     -1.41626
   -0.392427    -0.403929     -1.39201
    -0.35942    -0.402307     -1.36975
   -0.327032    -0.401674     -1.34976
   -0.294531    -0.400531     -1.32964
   -0.261979     -0.39944     -1.30915
    -0.23021    -0.398865     -1.29027
   -0.197829    -0.397944      -1.2624
   -0.164138    -0.397076     -1.22464
   -0.132148    -0.395987     -1.20087
   -0.102201    -0.394488     -1.19942
  -0.0732917    -0.393328     -1.21495
  -0.0449508    -0.392212     -1.23815
  -0.0149627    -0.389942     -1.26737
   0.0133704    -0.388174     -1.29388
   0.0427767    -0.387627     -1.31196
   0.0733758    -0.386198       -1.317
    0.104407    -0.384853     -1.30851
    0.135603     -0.38363     -1.29429
    0.166569    -0.382643      -1.2788
    0.197465    -0.381739     -1.26355
    0.228334    -0.380638     -1.25212
    0.258783    -0.380039     -1.24328
    0.289038    -0.378565     -1.23699
    0.319367    -0.377428     -1.23172
    0.349639    -0.376124     -1.22888
    0.379789    -0.374841     -1.22686
    0.409789    -0.374099     -1.22752
    0.439667    -0.372798     -1.23172
    0.470278    -0.371181     -1.24086
    0.500035    -0.370002     -1.25155
    0.530373    -0.368464     -1.26474
    0.560603    -0.367199     -1.27894
    0.591132    -0.366112     -1.29345
    0.621413     -0.36437     -1.30472
    0.651591    -0.362914     -1.31302
     0.68177     -0.36192     -1.31943
    0.712006    -0.360841     -1.32529
    0.742338     -0.35939     -1.33243
    0.772395    -0.358536     -1.34032
    0.802653    -0.356752     -1.35175
     0.83329     -0.35572     -1.36635
    0.864168    -0.354037     -1.38361
    0.895159    -0.353218     -1.40298
    0.926021    -0.351409     -1.42263
    0.957352    -0.349695     -1.44519
   -0.488643    -0.376779     -1.41655
   -0.454759    -0.375596     -1.38939
   -0.421664    -0.374569     -1.36514
   -0.388756    -0.373809     -1.34164
   -0.355907    -0.372625      -1.3193
   -0.323551    -0.371844     -1.29915
   -0.291682    -0.370985     -1.28113
   -0.259469     -0.37018     -1.26275
    -0.22779    -0.369208     -1.24272
   -0.194999    -0.368631     -1.21148
   -0.161913    -0.367798     -1.17925
   -0.131063    -0.366821     -1.16494
   -0.101467    -0.365279     -1.16851
  -0.0727016    -0.363869     -1.18322
  -0.0438354    -0.362375     -1.20622
  -0.0144944    -0.360362     -1.23208
   0.0144763    -0.359183     -1.24928
   0.0442904    -0.357639     -1.26505
   0.0739263    -0.356403     -1.27455
    0.104699    -0.354916     -1.27196
    0.135388     -0.35403     -1.26602
     0.16602     -0.35252     -1.25929
    0.196466    -0.351736     -1.25125
    0.227449    -0.350873     -1.24025
    0.257856    -0.349873     -1.22835
    0.288126    -0.348839     -1.21911
    0.318485    -0.348148     -1.21109
    0.348759    -0.347028     -1.20549
    0.378736    -0.345388      -1.2015
    0.408695     -0.34464     -1.20114
    0.438508    -0.343514     -1.20504
    0.468952    -0.342282     -1.21338
    0.498806    -0.340667     -1.22355
    0.528786    -0.339102     -1.23658
    0.559045    -0.337754     -1.25037
    0.589366    -0.336392     -1.26416
    0.619532    -0.335199     -1.27461
    0.649677    -0.333669     -1.28214
    0.679601    -0.332467      -1.2865
    0.709636    -0.330974     -1.28973
    0.739738    -0.329753     -1.29447
    0.769536    -0.329111     -1.30017
    0.799675    -0.327861     -1.30893
    0.829948    -0.326439     -1.32168
    0.860586    -0.324931     -1.33797
    0.891092    -0.323858     -1.35483
    0.921668    -0.322475     -1.37332
    0.952615    -0.320951     -1.39415
    0.984204     -0.31909     -1.41871
     1.01619    -0.317635     -1.44764
   -0.552341    -0.348093     -1.42564
    -0.51871    -0.347307      -1.3975
   -0.484667    -0.346466     -1.37176
   -0.451983    -0.345516     -1.34989
   -0.419174    -0.344956     -1.32772
   -0.386569    -0.344107     -1.30604
   -0.354008    -0.343287     -1.28517
   -0.321979     -0.34224     -1.26607
   -0.290133    -0.341479       -1.248
   -0.257881    -0.340572     -1.22828
   -0.226096    -0.339612     -1.20489
   -0.193071    -0.339345     -1.17256
   -0.160883    -0.338189      -1.1465
   -0.130256    -0.337361     -1.13595
   -0.100917    -0.335895     -1.14217
  -0.0726194    -0.334572     -1.15758
   -0.042998    -0.332731     -1.17979
  -0.0139066    -0.331547     -1.19825
   0.0151782    -0.329806     -1.21459
   0.0444641    -0.327982     -1.23061
   0.0747556    -0.326964     -1.23267
    0.105047    -0.325317     -1.23441
    0.135153    -0.323929     -1.23917
    0.165356    -0.322886     -1.24137
    0.195597    -0.321908     -1.23963
    0.226384    -0.320849     -1.23105
    0.256833    -0.320126     -1.21737
    0.287167    -0.319316     -1.20527
    0.317552    -0.318365     -1.19425
    0.347681    -0.317231     -1.18638
      0.3777    -0.316029      -1.1813
    0.407558    -0.315076     -1.18024
    0.437383    -0.313929     -1.18429
    0.467647    -0.312576     -1.19219
    0.497334    -0.310975     -1.20234
    0.527409    -0.309906     -1.21534
    0.557434    -0.307964     -1.22928
    0.587844    -0.306691     -1.24277
    0.617856    -0.305936     -1.25111
    0.647668    -0.304654     -1.25474
    0.677431    -0.303423     -1.25464
    0.707371    -0.302196     -1.25637
     0.73719     -0.30124     -1.26153
    0.766985    -0.299671      -1.2685
    0.797096    -0.298938     -1.27809
    0.827248    -0.297443     -1.29015
    0.857586     -0.29621     -1.30411
    0.887692     -0.29518     -1.31768
    0.918095    -0.293077     -1.33277
    0.948198    -0.291905     -1.34916
    0.979844    -0.290242      -1.3698
     1.01048    -0.288814      -1.3919
     1.04176    -0.286953     -1.41771
   -0.582991    -0.319135     -1.41609
   -0.548622    -0.318064     -1.38379
   -0.515856    -0.317432     -1.36002
   -0.481911    -0.316652      -1.3359
   -0.449899    -0.315725     -1.31671
   -0.417218    -0.314996     -1.29632
   -0.385034    -0.314075     -1.27712
   -0.352864    -0.313483     -1.25776
   -0.320824    -0.312653     -1.23863
   -0.288773    -0.311553     -1.21912
   -0.256671    -0.311002     -1.19795
   -0.224588    -0.310521     -1.17185
   -0.191811     -0.30991     -1.14174
   -0.160375    -0.309225     -1.12179
   -0.129943    -0.308384     -1.11273
   -0.100631    -0.307164     -1.11938
  -0.0727177     -0.30537     -1.13732
  -0.0429614     -0.30329      -1.1596
  -0.0145771    -0.301922     -1.18014
    0.014791    -0.299649     -1.19921
   0.0442206    -0.298355     -1.20909
   0.0745811    -0.297195     -1.20672
    0.105086     -0.29622     -1.20623
    0.134775    -0.294466     -1.21556
    0.164654    -0.293443     -1.22389
    0.194846    -0.292458     -1.22532
    0.225392    -0.291092     -1.22025
    0.255748    -0.290267     -1.20754
     0.28622    -0.289609     -1.19181
      0.3166    -0.288764     -1.17859
     0.34669    -0.287542     -1.16952
     0.37665    -0.286634     -1.16354
    0.406409    -0.285807     -1.16295
    0.436356    -0.284806     -1.16768
    0.466273    -0.283326     -1.17554
    0.496129    -0.281836     -1.18653
    0.526113     -0.28028     -1.19959
    0.556135    -0.279012     -1.21321
    0.586321    -0.277658      -1.2226
    0.615997    -0.276708      -1.2226
     0.64557    -0.275458     -1.22056
    0.675051    -0.274879      -1.2195
    0.705153    -0.273436     -1.22428
    0.734919    -0.272273     -1.23358
    0.764879    -0.270653     -1.24425
    0.794948    -0.269624     -1.25497
    0.825003    -0.268365     -1.26644
    0.855105    -0.267117     -1.27837
    0.885116    -0.265565     -1.28984
    0.915202    -0.264434     -1.30248
    0.944968    -0.262741     -1.31562
    0.976177    -0.261259     -1.33189
     1.00595    -0.260359     -1.34711
     1.03614    -0.258844     -1.36304
     1.06683    -0.256909     -1.38457
     1.09892    -0.254914     -1.41805
    -0.61468    -0.289446     -1.41238
   -0.579605    -0.288899     -1.37519
   -0.545808    -0.288294     -1.34838
   -0.513302    -0.287619       -1.327
   -0.479905    -0.286884     -1.30503
   -0.447819    -0.286148     -1.28694
   -0.415658    -0.285464     -1.26833
   -0.383571    -0.284651      -1.2505
   -0.351575    -0.283954     -1.23151
   -0.319708    -0.283119      -1.2125
   -0.287571     -0.28228     -1.19211
   -0.255657    -0.281858     -1.17044
   -0.223427    -0.281376     -1.14395
   -0.191207    -0.280747     -1.11798
   -0.160289    -0.280152     -1.10346
   -0.130381    -0.279056     -1.09612
    -0.10061    -0.277688     -1.10163
  -0.0729373    -0.275709     -1.12223
  -0.0432222    -0.273671     -1.14501
  -0.0150747    -0.272139     -1.16844
   0.0140761    -0.269711      -1.1874
    0.044012    -0.268859     -1.19191
   0.0741086    -0.268054      -1.1896
    0.104546    -0.266815     -1.18778
    0.134202    -0.265065     -1.19746
    0.163908     -0.26358     -1.20787
     0.19401    -0.262263     -1.21048
    0.224427    -0.261288     -1.20798
    0.254759    -0.260532     -1.19599
    0.285271    -0.259862     -1.17743
    0.315715    -0.259347     -1.16277
    0.345711    -0.258554     -1.15344
    0.375483    -0.257406     -1.14815
    0.405181    -0.256521     -1.14853
    0.435192    -0.255171     -1.15494
    0.465157    -0.253961     -1.16403
    0.494921    -0.252219      -1.1757
    0.524821    -0.250649       -1.188
    0.554625    -0.249789      -1.1961
     0.58452    -0.248436      -1.1956
    0.614075    -0.247727     -1.18932
    0.643492    -0.247173     -1.18566
    0.672943    -0.245814     -1.18686
    0.702961    -0.244361     -1.19708
    0.732976     -0.24283     -1.21202
    0.762967    -0.241244     -1.22574
    0.792943    -0.240178     -1.23625
    0.822931     -0.23928       -1.246
    0.852774    -0.238066     -1.25518
    0.882544    -0.236983     -1.26459
     0.91235    -0.235568     -1.27638
    0.942382    -0.234035     -1.28986
    0.973193    -0.232536     -1.30462
     1.00266    -0.231367       -1.316
     1.03232    -0.230285     -1.32562
       1.062    -0.229035     -1.33605
     1.09213    -0.227282     -1.35269
      1.1234    -0.225271     -1.37966
    -0.61074    -0.259993     -1.37221
   -0.576738      -0.2596     -1.34048
   -0.543804    -0.258858      -1.3182
   -0.511109    -0.258141     -1.29806
   -0.478425    -0.257381     -1.27876
   -0.446569    -0.256611     -1.26215
   -0.414587     -0.25605     -1.24429
   -0.382415    -0.255324     -1.22602
   -0.350513    -0.254517     -1.20689
   -0.318782    -0.253753     -1.18775
   -0.286442    -0.252982     -1.16627
   -0.254696    -0.252639     -1.14464
   -0.222752    -0.252298     -1.12051
   -0.190974    -0.251653     -1.09854
   -0.160401     -0.25092     -1.08641
   -0.130378    -0.249851     -1.07899
   -0.100885    -0.248381     -1.08676
  -0.0735392      -0.2464     -1.11246
  -0.0437764    -0.244224     -1.13608
  -0.0159648     -0.24179     -1.16055
   0.0131875    -0.240146     -1.18072
   0.0429347    -0.238998     -1.18432
   0.0735014    -0.238268     -1.17899
    0.103794    -0.237032     -1.17608
    0.133417    -0.235666      -1.1854
    0.163189    -0.234109      -1.1945
    0.193282    -0.232754     -1.19769
    0.223524     -0.23147     -1.19545
    0.253923    -0.230839     -1.18098
    0.284332    -0.230761     -1.16208
     0.31465    -0.230063     -1.14757
     0.34462     -0.22906     -1.13872
     0.37443    -0.228135     -1.13558
    0.404038    -0.227195     -1.13783
    0.434079    -0.225436     -1.14622
     0.46393      -0.2242     -1.15741
    0.493659     -0.22281     -1.16879
     0.52339    -0.221497     -1.17518
    0.553111    -0.220692     -1.17382
    0.582806    -0.220065     -1.16555
    0.612067    -0.219371     -1.15704
    0.641616    -0.218469     -1.15476
    0.671045    -0.217187     -1.16053
     0.70119    -0.215971     -1.17621
    0.731344     -0.21398     -1.19627
    0.761352    -0.212633     -1.21073
    0.790845    -0.211202     -1.21714
    0.820682    -0.210278     -1.22349
    0.850226     -0.20896     -1.23036
    0.879891    -0.207699     -1.23939
    0.909611    -0.206373     -1.25091
     0.93982    -0.205114     -1.26493
    0.970108    -0.203824     -1.27857
    0.999411    -0.202466     -1.28712
     1.02876    -0.201686     -1.29272
     1.05767    -0.200613     -1.29728
     1.08723    -0.199715     -1.30594
     1.11688     -0.19833     -1.31961
   -0.643522    -0.230527     -1.37715
   -0.607788    -0.230511     -1.33935
   -0.574617    -0.230253     -1.31205
   -0.542143    -0.229399     -1.29218
   -0.509304    -0.228772     -1.27254
   -0.477271    -0.228101     -1.25541
     -0.4454    -0.226991     -1.23948
   -0.413638    -0.226237     -1.22228
   -0.381481    -0.225833      -1.2039
   -0.349647    -0.225386     -1.18464
   -0.317898    -0.224551     -1.16476
   -0.285534    -0.224089      -1.1422
    -0.25393    -0.223455     -1.12086
   -0.222379    -0.223126      -1.0999
   -0.191013    -0.222624     -1.08177
   -0.160559    -0.221904     -1.07054
   -0.130326     -0.22103     -1.06287
    -0.10146    -0.219205     -1.07473
  -0.0742349    -0.217012     -1.10513
  -0.0447816    -0.214465     -1.13162
  -0.0168886     -0.21292     -1.15696
   0.0116849    -0.210131     -1.17771
   0.0418097      -0.2087     -1.18053
   0.0724617    -0.208152     -1.17298
     0.10273    -0.207053     -1.16964
    0.132505     -0.20563     -1.17762
    0.162336    -0.204555     -1.18394
    0.192325    -0.202905     -1.18592
     0.22278    -0.201946     -1.17899
    0.253234    -0.201735      -1.1622
    0.283444    -0.201352     -1.14575
    0.313734    -0.201116     -1.13351
     0.34359    -0.199961     -1.12683
    0.373426    -0.198729      -1.1261
    0.402949    -0.197676     -1.13138
    0.432929    -0.195961     -1.14196
    0.462795    -0.194642     -1.15345
    0.492467    -0.193558     -1.15874
    0.521997    -0.192402     -1.15408
    0.551529     -0.19207       -1.146
    0.581095    -0.191918     -1.13582
    0.610227    -0.191154      -1.1283
    0.639579    -0.189948     -1.12781
    0.669242    -0.188568     -1.13716
    0.699353    -0.186858     -1.15766
      0.7301    -0.184471     -1.18516
    0.759599    -0.183021     -1.19748
    0.788528     -0.18226     -1.19389
    0.818195    -0.181647     -1.19583
    0.847698    -0.180826     -1.20242
     0.87736    -0.178704     -1.21311
    0.906827    -0.177568     -1.22564
    0.937366    -0.176133     -1.24048
    0.967172    -0.175095     -1.25292
    0.996267    -0.174079     -1.25951
     1.02514    -0.173204       -1.262
     1.05399    -0.172296     -1.26432
     1.08306    -0.171856     -1.26894
     1.11198    -0.170475      -1.2765
     1.14191    -0.169219     -1.29287
   -0.676173    -0.200898     -1.38395
   -0.641229    -0.200818     -1.34724
   -0.605952     -0.20056     -1.31309
   -0.573024    -0.200371     -1.28827
   -0.540927    -0.199697     -1.26954
   -0.507917    -0.199122     -1.25047
   -0.476446    -0.198338     -1.23493
   -0.444371    -0.197729     -1.21826
   -0.412858    -0.196965     -1.20176
   -0.380934    -0.196569     -1.18386
    -0.34901    -0.196023     -1.16408
   -0.317126    -0.195452     -1.14321
   -0.284783    -0.194907     -1.12062
   -0.253442    -0.194461     -1.10064
   -0.222112    -0.194223     -1.08149
   -0.191011    -0.193603     -1.06613
   -0.160887    -0.192632     -1.05685
   -0.130901    -0.191909     -1.05147
   -0.102567    -0.190053     -1.06761
  -0.0751557    -0.187503     -1.10077
  -0.0459612    -0.184292     -1.13114
  -0.0183545    -0.181631     -1.15687
    0.010861    -0.179978       -1.174
    0.040785      -0.1789     -1.17723
    0.071169    -0.178527     -1.17169
    0.101486    -0.177196      -1.1685
    0.131347    -0.175542     -1.17322
    0.161336    -0.174751     -1.17533
    0.191403    -0.173687     -1.17183
    0.222153    -0.172739      -1.1592
    0.252344    -0.172719      -1.1441
    0.282651    -0.172449     -1.13018
    0.312684    -0.171397     -1.12128
    0.342502    -0.170862     -1.11864
    0.372271    -0.169671     -1.12027
     0.40176    -0.168009     -1.12787
    0.431748    -0.166256     -1.13921
    0.461529    -0.165351     -1.14491
    0.491114    -0.164738     -1.14022
    0.520466    -0.163628     -1.12858
    0.550095    -0.163507     -1.11799
    0.579274    -0.163501     -1.10708
    0.608574    -0.162816     -1.10041
    0.637534     -0.16159     -1.09976
    0.667232    -0.160397     -1.10926
    0.697303    -0.158897     -1.13226
    0.728401    -0.155821      -1.1662
    0.757817    -0.153812     -1.17657
    0.786192    -0.154536     -1.16317
    0.814969    -0.153929     -1.15946
    0.844604    -0.152022     -1.16704
    0.874495    -0.151129     -1.18198
      0.9039    -0.149668      -1.1983
    0.934828    -0.147534     -1.21604
    0.964348    -0.146793     -1.22902
    0.993405    -0.145674     -1.23508
     1.02202    -0.144949     -1.23563
      1.0506    -0.144357     -1.23551
     1.07915    -0.143799     -1.23748
     1.10804    -0.142742     -1.24352
     1.13752    -0.141139     -1.25743
     1.16796    -0.139858      -1.2815
   -0.674165    -0.171005     -1.35759
   -0.639146    -0.171503     -1.32224
   -0.604728    -0.171221     -1.29062
   -0.571605    -0.170995     -1.26705
   -0.539981    -0.169874     -1.24954
   -0.507113     -0.16966     -1.23164
   -0.475788     -0.16873     -1.21687
   -0.443766    -0.168236     -1.19983
   -0.412171    -0.167471      -1.1832
   -0.380312    -0.167054     -1.16516
   -0.348432    -0.166885     -1.14501
   -0.316593    -0.166199     -1.12359
   -0.284496    -0.166063     -1.10181
   -0.253222    -0.165741     -1.08291
   -0.222056    -0.165172     -1.06529
    -0.19123    -0.164496       -1.052
    -0.16112    -0.163978     -1.04297
   -0.131132    -0.162831     -1.03825
   -0.103543    -0.160911     -1.05896
  -0.0761184    -0.158244     -1.09625
  -0.0473096    -0.154449     -1.13184
  -0.0195223     -0.15219     -1.15768
  0.00953246    -0.150881     -1.17579
   0.0391193    -0.149144     -1.18182
   0.0697981    -0.147907     -1.17339
    0.100339    -0.147086      -1.1678
    0.130294    -0.146269     -1.16806
    0.160435    -0.145069      -1.1637
    0.190906    -0.144424     -1.15349
    0.221423    -0.144078     -1.14005
    0.251567    -0.143295     -1.12731
    0.281714    -0.143066     -1.11528
    0.311754    -0.142295     -1.10913
    0.341424    -0.141181     -1.10944
    0.371121    -0.140032       -1.115
    0.400621    -0.138165     -1.12447
    0.430511    -0.136998     -1.13147
    0.460409    -0.136435     -1.12884
    0.489877    -0.136071     -1.11783
    0.519131    -0.135591     -1.10418
    0.548534    -0.135047     -1.09208
    0.577605    -0.135169     -1.07981
    0.606622    -0.134298     -1.07209
     0.63554    -0.133658      -1.0709
    0.665408    -0.132105     -1.08158
    0.695093    -0.130141     -1.10618
      0.7261    -0.127063     -1.14057
    0.755241    -0.126762      -1.1446
    0.783191     -0.12659     -1.12713
    0.811875    -0.126103     -1.12127
    0.841055    -0.124944     -1.12785
     0.87129    -0.123666     -1.14666
    0.901192    -0.121845     -1.16974
    0.932296    -0.119603     -1.19222
    0.961652    -0.118249     -1.20646
    0.990656    -0.117287     -1.21219
     1.01917    -0.116788     -1.21153
     1.04749    -0.116388     -1.21018
     1.07596    -0.115503     -1.21141
     1.10455    -0.114638     -1.21734
     1.13411    -0.113424     -1.23077
     1.16424    -0.111845      -1.2535
     1.19609    -0.109396     -1.28583
   -0.707156    -0.141425     -1.37001
   -0.672586    -0.141591      -1.3352
   -0.637594    -0.141634     -1.30049
   -0.603533    -0.141533     -1.27082
    -0.57085    -0.141296      -1.2491
   -0.539225    -0.140506     -1.23226
   -0.506622    -0.140082     -1.21544
   -0.475247    -0.139389     -1.20053
   -0.443358     -0.13886     -1.18352
   -0.411822    -0.138291      -1.1672
   -0.380055    -0.137921     -1.14894
   -0.348213    -0.137587     -1.12839
   -0.316175    -0.137458     -1.10654
   -0.284212    -0.137158     -1.08502
   -0.253035    -0.136746     -1.06669
   -0.222109    -0.136292     -1.05013
   -0.191417    -0.135551     -1.03801
   -0.161287    -0.135048       -1.029
   -0.131524     -0.13381     -1.02647
    -0.10431    -0.131347     -1.04765
  -0.0765696    -0.128588     -1.08724
  -0.0483769    -0.124761     -1.12977
  -0.0209612    -0.122168     -1.15786
  0.00784869    -0.119544     -1.18055
   0.0370862    -0.118014     -1.19133
   0.0686254    -0.118051     -1.17536
   0.0991324    -0.117674     -1.16488
     0.12932    -0.116412      -1.1578
    0.159815    -0.116445     -1.14538
    0.190425    -0.115864     -1.13234
    0.220677    -0.115413     -1.11977
    0.250836     -0.11444     -1.10728
    0.280811    -0.113897     -1.09717
    0.310797    -0.113336     -1.09458
    0.340349    -0.111884     -1.09737
    0.369917    -0.110649     -1.10322
    0.399469    -0.109464     -1.11049
    0.429537    -0.108333     -1.11514
    0.459176    -0.108076       -1.109
     0.48849    -0.107432     -1.09589
    0.517688    -0.107627     -1.08131
    0.546942    -0.107618     -1.06747
    0.576064    -0.106836     -1.05491
    0.604951    -0.107284     -1.04628
    0.633804    -0.106483     -1.04505
    0.663587    -0.104397     -1.05873
    0.693061    -0.102201     -1.08472
    0.723819    -0.100957     -1.11739
    0.753406   -0.0991393     -1.11614
    0.780694   -0.0987683     -1.09576
    0.809281   -0.0984819     -1.08942
    0.837908   -0.0975329     -1.09319
    0.867697   -0.0957192     -1.11222
    0.898653   -0.0939066     -1.14302
    0.929864   -0.0913796     -1.17104
    0.959231   -0.0898301     -1.18725
    0.988251   -0.0888905     -1.19319
     1.01647   -0.0885558     -1.19156
     1.04476   -0.0877655     -1.18962
      1.0732   -0.0872348     -1.19096
     1.10189   -0.0863347     -1.19727
     1.13112   -0.0849643     -1.20983
     1.16101   -0.0836602     -1.23108
     1.19244   -0.0814491     -1.26347
   -0.705673     -0.11178     -1.34804
   -0.671244    -0.111634     -1.31544
   -0.636592    -0.112232     -1.28228
   -0.603074    -0.111811     -1.25476
    -0.57044    -0.111786     -1.23396
   -0.538757    -0.111248     -1.21726
    -0.50626    -0.110525     -1.20085
   -0.475039    -0.109747     -1.18622
   -0.443127    -0.109549     -1.16913
   -0.411667    -0.108894     -1.15277
   -0.379822     -0.10863     -1.13386
   -0.347968    -0.108403     -1.11315
   -0.315994    -0.108454     -1.09141
    -0.28419    -0.108149     -1.07043
   -0.253216    -0.107883     -1.05295
   -0.222293     -0.10729     -1.03707
   -0.191639    -0.106623     -1.02503
   -0.161562    -0.106052     -1.01707
   -0.132353    -0.104566     -1.01909
   -0.104846     -0.10226     -1.03753
  -0.0768479   -0.0989826     -1.07529
  -0.0493603   -0.0949206      -1.1235
  -0.0219705   -0.0925297     -1.15464
  0.00680454   -0.0898762     -1.17737
   0.0358143   -0.0876289     -1.18946
   0.0674422   -0.0880782     -1.17245
   0.0980419   -0.0873963      -1.1568
     0.12889   -0.0877924     -1.13883
    0.159429   -0.0876617     -1.11944
    0.190052   -0.0871064     -1.10342
    0.220353    -0.087116     -1.08894
    0.250295   -0.0867929     -1.07655
    0.280249   -0.0861304     -1.07015
    0.309877   -0.0852471     -1.06489
    0.339459   -0.0853144     -1.04145
    0.369341   -0.0859968     -1.02317
    0.398664   -0.0847593     -1.03168
    0.428317   -0.0820908     -1.06103
    0.458081   -0.0797798     -1.08032
    0.487119   -0.0795781     -1.07283
    0.516274   -0.0792938     -1.05622
    0.545436   -0.0794114     -1.04102
    0.574397   -0.0790361     -1.02995
    0.603204   -0.0786124     -1.02273
    0.632165   -0.0780409     -1.02341
    0.661683   -0.0760241     -1.03766
    0.689962    -0.073555     -1.06354
    0.721023   -0.0703228     -1.10027
     0.75377   -0.0699508     -1.10155
    0.778745   -0.0707608     -1.07495
    0.806938   -0.0707333     -1.06541
     0.83552   -0.0698624     -1.06714
    0.864637   -0.0685243     -1.08396
    0.896448   -0.0656099     -1.12004
     0.92768   -0.0626998     -1.15501
    0.957291   -0.0611919      -1.1733
    0.986237   -0.0603564     -1.17914
      1.0143   -0.0601595     -1.17595
     1.04249   -0.0597011     -1.17291
     1.07065   -0.0592974     -1.17373
     1.09939    -0.058388     -1.18074
     1.12848   -0.0569823     -1.19335
     1.15859   -0.0554541     -1.21428
     1.18946   -0.0536075     -1.24445
     1.22216   -0.0499671     -1.28362
   -0.740067   -0.0813125     -1.36349
   -0.704781   -0.0822199     -1.32897
   -0.670614   -0.0822652     -1.29914
   -0.635996   -0.0824869     -1.26727
   -0.602692   -0.0824532     -1.24089
   -0.570065   -0.0822644     -1.22047
    -0.53842    -0.081571      -1.2038
   -0.506081   -0.0811274     -1.18762
   -0.474968   -0.0805951     -1.17351
   -0.443241   -0.0803362     -1.15694
   -0.411682   -0.0798337     -1.13998
   -0.379731   -0.0794129     -1.12002
   -0.347983   -0.0791849     -1.09946
   -0.316103   -0.0793182     -1.07836
   -0.284382   -0.0791755     -1.05786
   -0.253378    -0.078775     -1.04068
   -0.222688   -0.0785616     -1.02605
   -0.192144   -0.0779609      -1.0155
   -0.162252   -0.0770904     -1.00919
   -0.133051   -0.0755913     -1.01178
   -0.105056   -0.0735917     -1.02638
  -0.0771636   -0.0703953     -1.06143
  -0.0502499   -0.0661442     -1.11161
   -0.022819   -0.0631132     -1.14693
  0.00617869   -0.0607489     -1.16656
   0.0358535   -0.0591305     -1.17094
   0.0667051   -0.0588125     -1.15619
   0.0977948   -0.0592495     -1.13254
    0.128896   -0.0598807     -1.10335
    0.159663   -0.0601994     -1.07754
    0.190349   -0.0602545     -1.05708
    0.220433   -0.0603931     -1.04182
    0.250192   -0.0599372     -1.03055
    0.279689   -0.0592616     -1.01914
     0.30989   -0.0608861    -0.979429
    0.340001   -0.0636946    -0.929376
    0.369119   -0.0631295    -0.921646
    0.398209   -0.0606565    -0.952113
    0.427011   -0.0562789      -1.0026
    0.456467   -0.0518259     -1.04368
    0.485653   -0.0513701     -1.04427
    0.514819    -0.051629     -1.02781
    0.543954   -0.0514817     -1.01451
    0.572731   -0.0512542     -1.00592
    0.601564   -0.0507007     -1.00179
    0.630803   -0.0503555     -1.00543
    0.659885   -0.0483907     -1.01896
    0.689639   -0.0454618     -1.04623
    0.721402   -0.0401904      -1.0982
    0.750044    -0.039842     -1.10244
    0.776946   -0.0429008      -1.0616
    0.805113   -0.0429833     -1.04845
    0.833566   -0.0420553     -1.04919
     0.86255   -0.0410911     -1.06413
    0.894279   -0.0372893     -1.10215
    0.925952   -0.0338769     -1.14439
    0.955622   -0.0322128     -1.16409
    0.984279   -0.0318276     -1.16687
     1.01212   -0.0318277     -1.16191
     1.04044   -0.0311731     -1.15945
     1.06856   -0.0304748      -1.1607
     1.09723   -0.0300336     -1.16746
     1.12625    -0.028714     -1.17998
     1.15634   -0.0268708     -1.20083
     1.18701   -0.0247621     -1.22955
     1.21935   -0.0216687     -1.27045
   -0.737966   -0.0524162     -1.34228
   -0.703656   -0.0524129     -1.31076
    -0.66966    -0.052823     -1.28266
   -0.635606   -0.0529539      -1.2534
   -0.602539   -0.0531044      -1.2286
   -0.570035   -0.0526948     -1.20833
   -0.538379   -0.0522375     -1.19175
   -0.506306   -0.0516252     -1.17618
    -0.47501   -0.0511974     -1.16191
   -0.443513   -0.0508292     -1.14596
   -0.411759   -0.0503801     -1.12863
   -0.379807    -0.050476     -1.10807
   -0.348145   -0.0502674     -1.08774
   -0.316401   -0.0500461     -1.06719
   -0.284738   -0.0500891     -1.04727
   -0.253709    -0.049862     -1.03019
   -0.223145   -0.0494985     -1.01678
   -0.192984   -0.0486894     -1.00894
   -0.163199   -0.0478482     -1.00411
   -0.133897   -0.0464945     -1.00603
    -0.10565   -0.0445546     -1.01713
  -0.0770946   -0.0414637     -1.04452
  -0.0502545   -0.0374632      -1.0886
  -0.0232221   -0.0336538     -1.12887
  0.00557054   -0.0310035      -1.1486
   0.0356957    -0.030307     -1.14529
   0.0668031   -0.0307747     -1.12155
   0.0986546   -0.0325425     -1.08224
    0.130152    -0.033856     -1.04401
    0.160761   -0.0342648     -1.01843
    0.190925   -0.0341448      -0.9964
    0.220858   -0.0346511    -0.972511
    0.250913   -0.0356747    -0.948648
    0.280811   -0.0373487    -0.918127
    0.310735   -0.0389266    -0.876741
    0.339546   -0.0387006    -0.859863
    0.368194   -0.0368112    -0.875637
    0.397221   -0.0323548    -0.918497
     0.42594   -0.0271316    -0.981351
    0.455315   -0.0243573     -1.01477
    0.484411   -0.0240717     -1.01315
    0.513391   -0.0238476     -1.00093
    0.542539   -0.0236431     -0.99272
    0.571272   -0.0234675     -0.98751
    0.600052   -0.0230198    -0.984744
    0.629226   -0.0223462    -0.988763
    0.658369   -0.0205126     -1.00146
    0.688001    -0.018364     -1.02815
    0.720075   -0.0129547     -1.08933
    0.748958   -0.0113593     -1.10079
    0.775603   -0.0142735     -1.05576
    0.803626    -0.014316     -1.03936
    0.832011   -0.0140711     -1.03861
    0.860757   -0.0125733     -1.05127
    0.892512  -0.00942139     -1.09055
    0.924675  -0.00493956     -1.13916
    0.954345  -0.00306473     -1.15904
    0.982484  -0.00302494     -1.15742
     1.01035  -0.00335864     -1.15152
     1.03863  -0.00284591     -1.14958
     1.06675  -0.00222761     -1.15104
     1.09545  -0.00150576     -1.15784
     1.12434 -0.000258847     -1.17008
     1.15443   0.00156879     -1.19086
     1.18518   0.00393339     -1.21963
     1.21729   0.00675048      -1.2613
   -0.772312   -0.0224693     -1.35113
    -0.73705    -0.022463     -1.32594
   -0.703101   -0.0225813     -1.29601
   -0.669183   -0.0230861     -1.26866
   -0.635413   -0.0233306     -1.24106
   -0.602544   -0.0233935     -1.21721
   -0.570063   -0.0233592     -1.19706
   -0.538366   -0.0227734     -1.18036
   -0.506299   -0.0223996     -1.16504
   -0.475035   -0.0219855     -1.15067
   -0.443564   -0.0215328     -1.13506
    -0.41204   -0.0209578     -1.11846
   -0.380169   -0.0212004     -1.09877
   -0.348648     -0.02117     -1.07919
   -0.316932   -0.0209843     -1.05944
   -0.285464   -0.0208294     -1.04061
   -0.254555   -0.0207542     -1.02427
      -0.224   -0.0205078     -1.01125
   -0.193847   -0.0193506     -1.00396
   -0.164177   -0.0186629     -1.00008
   -0.134915   -0.0175117      -1.0017
   -0.106485   -0.0157466     -1.00967
  -0.0770122   -0.0131338     -1.02797
  -0.0495005   -0.0102277     -1.05699
  -0.0221314  -0.00623263     -1.08859
  0.00664652  -0.00411996     -1.10265
   0.0371855  -0.00427927     -1.08927
    0.069252  -0.00601267     -1.04911
    0.101236  -0.00820054      -1.0047
    0.131673  -0.00912785    -0.975478
    0.161783  -0.00912868    -0.953418
    0.192092   -0.0101325    -0.923086
    0.222486   -0.0122055    -0.885697
    0.252247   -0.0129545    -0.856701
    0.281353   -0.0137178    -0.833928
    0.310385   -0.0139543    -0.817792
    0.338763   -0.0125948      -0.8191
    0.367394   -0.0101302     -0.83801
       0.396  -0.00669366    -0.874364
    0.424862  -0.00133381    -0.944024
    0.454022   0.00248849    -0.984364
    0.483049   0.00288449    -0.985992
    0.512091   0.00384094    -0.981132
    0.541109   0.00456811    -0.978659
    0.570005   0.00503628    -0.977744
    0.598713   0.00542451    -0.975188
    0.627831   0.00587139    -0.976567
    0.656751   0.00773181    -0.987186
    0.686394      0.01022     -1.01301
     0.71844    0.0158324     -1.07533
    0.748328    0.0189467     -1.10321
    0.774579    0.0148111     -1.05751
    0.802467    0.0143317     -1.03539
    0.830793    0.0146992     -1.03334
    0.859394     0.016073     -1.04359
    0.890915    0.0193639     -1.08325
     0.92372     0.024103     -1.13733
    0.953212    0.0257873      -1.1566
    0.980972    0.0258376     -1.15158
     1.00885    0.0254509     -1.14473
     1.03718    0.0258621     -1.14306
     1.06534    0.0264762     -1.14483
     1.09395    0.0270843     -1.15155
     1.12282    0.0285676     -1.16346
     1.15279    0.0299667     -1.18377
     1.18347    0.0325686     -1.21258
     1.21568    0.0360602     -1.25456
   -0.771661   0.00748055     -1.33796
   -0.736364   0.00696871     -1.31215
   -0.702934   0.00685451     -1.28378
   -0.669003   0.00639232     -1.25672
    -0.63523   0.00646045     -1.22968
   -0.602507   0.00628652     -1.20628
   -0.570151   0.00645951     -1.18644
   -0.538385   0.00661659     -1.16989
   -0.506495   0.00708452     -1.15496
   -0.475397    0.0077062      -1.1412
   -0.443933   0.00790409     -1.12581
   -0.412475   0.00835193     -1.11015
    -0.38083   0.00816827     -1.09196
   -0.349341    0.0082879     -1.07342
   -0.317912   0.00829924     -1.05559
   -0.286665    0.0086325     -1.03825
   -0.255721   0.00864213     -1.02216
   -0.225099   0.00897595     -1.00865
   -0.194902   0.00969563     -1.00064
   -0.165184    0.0105639    -0.996261
    -0.13579    0.0118768    -0.996681
   -0.107373     0.013343     -1.00196
  -0.0774764      0.01531     -1.01437
  -0.0491078    0.0175692     -1.02963
  -0.0204545      0.01959     -1.04065
  0.00951131    0.0201599       -1.036
   0.0406822    0.0191874     -1.01005
   0.0721757    0.0177968    -0.971496
    0.102683    0.0168954    -0.941201
    0.132711    0.0157752    -0.919749
    0.162769    0.0152889    -0.895768
    0.192866    0.0141023    -0.864167
    0.222889    0.0127617    -0.832527
    0.252095    0.0125926     -0.81029
    0.280974    0.0123002    -0.793583
    0.309603    0.0125907    -0.784008
    0.338114    0.0138506    -0.788348
    0.366629    0.0158609    -0.804844
    0.394733    0.0187582    -0.833188
    0.423667    0.0230273    -0.887758
    0.453195    0.0293994    -0.946815
    0.481768    0.0309282    -0.968212
    0.510876    0.0319174    -0.972151
    0.540018    0.0331051    -0.975375
    0.568966    0.0339945    -0.978416
    0.597617    0.0345382     -0.97611
    0.626518    0.0348427    -0.970908
    0.655397      0.03585    -0.975801
    0.684429     0.037379    -0.992299
    0.715725    0.0429922     -1.05096
    0.748025    0.0493541     -1.10773
    0.773597    0.0446778     -1.06199
    0.801276    0.0428112     -1.03263
    0.829609     0.043557     -1.03036
     0.85816     0.044587     -1.03949
    0.889464    0.0478829     -1.07715
    0.922527    0.0532677      -1.1347
    0.952233     0.055583     -1.15569
    0.979897    0.0549631     -1.14907
     1.00758    0.0546733     -1.14111
      1.0359    0.0552034     -1.13933
     1.06404    0.0554569     -1.14106
     1.09265     0.056166     -1.14772
     1.12148    0.0571933      -1.1595
     1.15148    0.0588296     -1.17953
     1.18197     0.061215     -1.20779
     1.21422    0.0649917      -1.2501
   -0.771769    0.0375356     -1.32964
   -0.736264    0.0365024     -1.30135
     -0.7029    0.0367893     -1.27362
   -0.668876    0.0361887     -1.24579
   -0.635325    0.0359283      -1.2196
   -0.602846    0.0357647      -1.1974
   -0.570532    0.0357819     -1.17812
   -0.538714    0.0359935     -1.16188
   -0.506889    0.0364281     -1.14699
   -0.475849    0.0369866     -1.13345
   -0.444437    0.0370402     -1.11844
   -0.413094    0.0375025     -1.10368
    -0.38159    0.0377061     -1.08675
   -0.350469    0.0380165     -1.07035
   -0.319243     0.037985     -1.05435
   -0.287929    0.0379491     -1.03749
   -0.256925    0.0380231     -1.02086
   -0.226177     0.038369     -1.00641
   -0.195881    0.0389144    -0.997414
   -0.166172    0.0399309    -0.992549
   -0.136793    0.0411536    -0.991437
     -0.1081    0.0423037    -0.994007
  -0.0779952    0.0441866     -1.00289
  -0.0492436     0.046139     -1.00997
  -0.0199214    0.0469948     -1.00886
   0.0106127    0.0465017    -0.992848
   0.0416259    0.0456143    -0.965916
   0.0722828    0.0447488    -0.937089
    0.102493    0.0440833    -0.912663
    0.132754    0.0430302     -0.88912
     0.16271    0.0419644      -0.8622
    0.192622    0.0409836    -0.832719
    0.222353    0.0401283    -0.806714
     0.25155    0.0395954    -0.786511
     0.28034     0.039324    -0.771658
     0.30871    0.0397499    -0.764233
    0.337382    0.0406279    -0.768118
    0.365657    0.0426267    -0.781158
    0.393954    0.0449016    -0.802822
    0.422352    0.0481777    -0.841206
    0.451616    0.0548148    -0.904202
    0.480603    0.0597228    -0.954875
    0.509778    0.0615994    -0.971177
    0.538992    0.0628246    -0.978379
    0.568029    0.0636664    -0.983026
    0.596807    0.0641649    -0.980703
    0.625403     0.063972    -0.969559
    0.654119    0.0646162    -0.969018
    0.683421    0.0663264    -0.988419
    0.715149    0.0718872     -1.04971
    0.746886    0.0782999     -1.10471
    0.772531    0.0736256     -1.06101
    0.800064    0.0718895     -1.03023
    0.828383    0.0725299     -1.02783
    0.856969    0.0731036      -1.0366
    0.888214    0.0765416     -1.07246
    0.921258    0.0824481     -1.13046
    0.951191    0.0848423     -1.15503
    0.979043    0.0845387     -1.14995
     1.00651    0.0839105     -1.14109
     1.03484    0.0839109     -1.13856
     1.06299    0.0841253     -1.13973
     1.09156    0.0852911     -1.14628
     1.12045    0.0864477     -1.15816
      1.1504     0.087893     -1.17829
     1.18113    0.0903101     -1.20691
     1.21307    0.0941913     -1.24901
   -0.772475    0.0678045     -1.32584
   -0.736657    0.0663955     -1.29402
   -0.703292    0.0666214     -1.26621
   -0.669318    0.0660184     -1.23841
   -0.635744     0.065441     -1.21223
   -0.603293    0.0654024     -1.19064
   -0.571205    0.0655377     -1.17241
   -0.539467    0.0658232     -1.15654
   -0.507631    0.0661314     -1.14162
   -0.476689    0.0665432     -1.12848
   -0.445303    0.0666972     -1.11393
   -0.414122    0.0671134     -1.09981
   -0.382585    0.0672452     -1.08311
    -0.35151    0.0674999     -1.06762
   -0.320419    0.0675436     -1.05269
    -0.28917    0.0675836     -1.03628
   -0.258116     0.067632     -1.01926
   -0.227335     0.067537     -1.00439
    -0.19691    0.0682121    -0.994138
   -0.167134    0.0690292    -0.988356
    -0.13754    0.0698524    -0.985899
   -0.108872    0.0710617    -0.987041
  -0.0786263    0.0729472    -0.993939
  -0.0498058     0.074821    -0.997996
  -0.0202256    0.0751088    -0.993009
   0.0102227    0.0747286    -0.975522
   0.0410809    0.0739143    -0.950733
   0.0716019    0.0730273     -0.92512
    0.101661    0.0724282     -0.90247
    0.131998    0.0715818    -0.877678
    0.162019    0.0699959    -0.848498
    0.191945    0.0686994    -0.819438
    0.221515    0.0677448    -0.795125
    0.250656    0.0672985    -0.775791
    0.279438    0.0670456    -0.761606
    0.307733    0.0675422    -0.755536
    0.336336    0.0684678    -0.759209
    0.364641     0.070252    -0.770311
    0.392887    0.0725188    -0.790475
     0.42117    0.0757466      -0.8255
    0.450362    0.0818635    -0.886202
    0.479461    0.0881352    -0.946244
    0.508729    0.0905095    -0.967372
    0.537857    0.0915798    -0.975124
    0.566874    0.0928667    -0.979365
    0.595683     0.093265    -0.976576
    0.624223    0.0927041     -0.96583
    0.652933      0.09326    -0.966058
    0.682246    0.0956759    -0.986076
    0.713439    0.0996937     -1.03975
    0.745016     0.107071     -1.09423
    0.771629     0.102793     -1.05843
     0.79898     0.100998     -1.02869
    0.827342     0.101378     -1.02539
    0.855764     0.102165     -1.03376
    0.887061      0.10559     -1.06941
    0.919979     0.111729     -1.12615
    0.950165       0.1141     -1.15437
    0.978423     0.114157     -1.15449
     1.00604     0.113852      -1.1468
     1.03426     0.113723     -1.14328
     1.06221     0.113767     -1.14271
     1.09069     0.114552     -1.14792
     1.11962     0.115781     -1.15961
     1.14953     0.117246     -1.17951
     1.18029     0.119573     -1.20841
     1.21243     0.123658     -1.25043
   -0.799647    0.0954001     -1.29709
   -0.773547    0.0982295     -1.31923
   -0.737313    0.0966313     -1.28946
   -0.704237    0.0964669     -1.26214
   -0.670267    0.0957413     -1.23463
   -0.636645    0.0954734     -1.20841
   -0.604288    0.0954902     -1.18694
   -0.572223    0.0953628     -1.16911
   -0.540464    0.0956987     -1.15307
    -0.50863    0.0960199     -1.13836
   -0.477887    0.0964457     -1.12601
   -0.446385    0.0965731     -1.11131
   -0.415075    0.0966639     -1.09679
   -0.383749      0.09685     -1.08094
    -0.35271     0.097019     -1.06575
   -0.321512    0.0969292     -1.05038
   -0.290216    0.0969928     -1.03386
   -0.259228     0.097069     -1.01741
   -0.228664    0.0972815     -1.00336
   -0.197964    0.0974664    -0.992144
   -0.168134    0.0981778     -0.98544
   -0.138608    0.0991268     -0.98344
   -0.109956     0.100347    -0.985028
  -0.0796816     0.102139    -0.991285
  -0.0508321     0.103589    -0.995239
   -0.021283     0.104288    -0.989994
  0.00905767     0.103873    -0.973287
   0.0399932     0.103033    -0.948902
   0.0705232     0.102139    -0.923881
    0.100403     0.101485    -0.902886
    0.130571     0.100701    -0.880162
    0.160827    0.0988132    -0.851359
    0.190847     0.097358    -0.820953
    0.220355    0.0959489    -0.794475
    0.249548    0.0954443    -0.774911
    0.278298     0.095571     -0.76134
    0.306519    0.0958049    -0.755653
    0.335186    0.0969133    -0.759625
    0.363553    0.0984797    -0.771008
     0.39182     0.101055    -0.791239
    0.420077      0.10416    -0.829989
     0.44946     0.111602    -0.894577
    0.478243     0.116794    -0.944011
     0.50745     0.118208    -0.958201
     0.53649       0.1196    -0.963768
    0.565488     0.120665    -0.967353
    0.594215     0.120992    -0.965247
    0.622901     0.120993    -0.960174
    0.652014     0.122343     -0.96573
    0.681203     0.124404    -0.983336
      0.7117     0.128265     -1.02703
       0.744     0.136913     -1.09222
    0.770707     0.132214     -1.06213
    0.797926     0.130074     -1.02963
    0.826341     0.130522     -1.02474
    0.854705     0.131533      -1.0324
    0.885709     0.134355     -1.06489
    0.918194     0.140322     -1.11868
     0.94908     0.143358     -1.15266
    0.978024     0.144025     -1.16061
     1.00588     0.143935     -1.15615
     1.03407     0.143969     -1.15223
     1.06212     0.143794     -1.15097
     1.09046     0.144303     -1.15481
      1.1193     0.145234     -1.16517
     1.14909     0.147025     -1.18471
     1.18001     0.149297     -1.21364
     1.21192     0.152952     -1.25388
   -0.774417     0.128825     -1.31346
   -0.738538     0.126824     -1.28762
   -0.705779     0.126913     -1.26145
   -0.671542     0.126243     -1.23353
   -0.637892     0.125427     -1.20682
   -0.605461     0.125441     -1.18524
   -0.573383     0.125111     -1.16727
   -0.541638     0.125249     -1.15118
   -0.509861     0.125782     -1.13652
   -0.478919     0.126004     -1.12357
   -0.447491     0.126173      -1.1087
   -0.416207     0.126429     -1.09447
   -0.384905     0.126446     -1.07917
   -0.353935     0.126669     -1.06427
   -0.322652     0.126592     -1.04866
   -0.291371     0.126603     -1.03217
   -0.260444     0.126425     -1.01604
   -0.229906     0.126728     -1.00295
   -0.199509     0.127155    -0.993275
    -0.16961     0.127719    -0.987526
    -0.14032     0.128957    -0.987291
   -0.111608     0.130254    -0.989966
  -0.0813624     0.131959    -0.996832
  -0.0524163     0.133732     -1.00252
  -0.0231202     0.134599    -0.999767
  0.00720091     0.134533     -0.98548
   0.0381468      0.13334    -0.962213
   0.0688149     0.132481    -0.936741
   0.0987124     0.131714    -0.916579
    0.128526     0.131425    -0.898082
    0.158809      0.13002    -0.873212
     0.18884     0.127848    -0.839992
    0.218906     0.125829     -0.80711
    0.248274     0.125149    -0.784911
    0.276982     0.124627    -0.770272
    0.305363     0.124792    -0.763634
    0.333919     0.125914    -0.767873
     0.36236     0.127977    -0.780615
    0.390315     0.130104    -0.805594
    0.419461      0.13691    -0.866088
    0.448267     0.144054    -0.928406
    0.477104     0.146286    -0.952392
    0.506321     0.147267    -0.957703
    0.535299     0.147858    -0.959245
     0.56434     0.148798     -0.96037
    0.593012     0.149426    -0.959173
    0.621941     0.150194    -0.960295
    0.650984     0.152077    -0.969668
    0.680152      0.15355    -0.982596
    0.709517     0.154481     -1.00665
    0.743679       0.1673     -1.09643
    0.770189     0.162636     -1.07338
    0.797019     0.159532     -1.03435
    0.825553     0.159355     -1.02775
    0.853971     0.160311     -1.03483
    0.884644      0.16328     -1.06471
    0.916805     0.169247     -1.11436
    0.948006     0.172639      -1.1518
    0.977563      0.17431     -1.16678
      1.0059     0.174737     -1.16712
     1.03405     0.174309     -1.16388
     1.06217     0.173912     -1.16224
     1.09044     0.174367     -1.16482
     1.11926     0.175479     -1.17428
     1.14906     0.177175     -1.19332
     1.17995     0.179515      -1.2219
      1.2119     0.183279     -1.26019
   -0.775289     0.158603     -1.31358
   -0.740048     0.157496     -1.28812
   -0.707143     0.157584     -1.26174
   -0.673006     0.156595     -1.23389
   -0.639372     0.155745     -1.20706
   -0.606775     0.155422     -1.18474
   -0.574844     0.155428     -1.16672
   -0.543007     0.155583     -1.15051
   -0.511145     0.155644     -1.13528
   -0.479984     0.155787     -1.12138
   -0.448578     0.155914     -1.10663
   -0.417417     0.156228     -1.09324
   -0.386196     0.156214     -1.07831
   -0.355132     0.156234     -1.06274
   -0.323797     0.156063     -1.04641
   -0.292451     0.155797     -1.02974
   -0.261614     0.155795     -1.01377
    -0.23106     0.156099     -1.00108
   -0.200825     0.156653    -0.993741
   -0.171262     0.157654     -0.99066
   -0.141952     0.159097    -0.991802
    -0.11326     0.160547    -0.996273
  -0.0835438     0.162546     -1.00598
  -0.0545865     0.164684     -1.01682
  -0.0257611     0.166631     -1.02379
  0.00404508     0.167045     -1.02214
   0.0345835     0.166717     -1.00702
   0.0657184     0.165319    -0.979316
   0.0962338     0.163703    -0.952281
    0.126016     0.163575      -0.9333
    0.156077     0.162885    -0.914365
    0.186077     0.161274    -0.884624
     0.21666     0.158012    -0.845448
    0.246311     0.156022    -0.814882
    0.275305     0.154991    -0.794364
    0.304068     0.154772    -0.783017
    0.332416     0.156288    -0.786245
    0.361077     0.158169    -0.802631
    0.389271      0.16194    -0.843274
    0.418532     0.171619    -0.918495
    0.446924     0.175114    -0.958116
    0.476311     0.177013    -0.969271
    0.505343     0.178034    -0.970904
    0.534435      0.17822    -0.968902
    0.563346     0.178751    -0.966869
    0.592018     0.178989    -0.965242
    0.621138     0.179896    -0.967395
    0.650255     0.181447    -0.977532
    0.679225     0.183849    -0.989213
    0.708198     0.183673     -1.00461
       0.743     0.197289     -1.10023
    0.769678     0.193542     -1.08417
    0.796594     0.190085     -1.04372
    0.824863     0.189762     -1.03655
    0.853486     0.190245     -1.04363
    0.884099     0.193119     -1.07227
    0.916046     0.198466     -1.11712
    0.947036      0.20238     -1.15384
    0.976967     0.204234     -1.17304
     1.00578     0.205009     -1.17796
     1.03411     0.204931     -1.17668
     1.06236     0.204597     -1.17522
     1.09066     0.204742     -1.17699
     1.11945      0.20562     -1.18628
     1.14922     0.207432     -1.20508
     1.18023     0.210127     -1.23345
     1.21212     0.214206     -1.27046
   -0.777174     0.190177     -1.31817
   -0.742447     0.188884     -1.29173
   -0.709012     0.188318     -1.26443
    -0.67487     0.187106     -1.23639
   -0.641223      0.18647     -1.20921
   -0.608372     0.185785       -1.186
   -0.576162     0.185365     -1.16701
   -0.544502     0.185418     -1.15063
   -0.512441     0.185534     -1.13525
   -0.481514     0.185978     -1.12195
    -0.44998     0.185901     -1.10698
   -0.418919     0.186034     -1.09387
   -0.387689     0.186117     -1.07897
   -0.356293     0.185966     -1.06182
   -0.324873     0.185738     -1.04406
   -0.293455     0.185244     -1.02634
   -0.262429     0.184951     -1.00977
   -0.231969     0.185178    -0.997518
   -0.201992      0.18601    -0.991677
   -0.172376     0.187017    -0.989155
   -0.143037     0.188523    -0.990556
   -0.114576      0.19039    -0.997389
   -0.085491      0.19271     -1.01207
   -0.056909     0.195682      -1.0337
  -0.0291382     0.199627     -1.06071
-0.000875437     0.203304     -1.08232
   0.0286827     0.204879     -1.08549
    0.059523      0.20438      -1.0651
   0.0914945     0.200643      -1.0268
    0.122596     0.198046    -0.992067
    0.152885     0.197281    -0.970014
    0.182689     0.196601    -0.949702
    0.212809     0.194627     -0.92069
    0.243139      0.19182    -0.888875
    0.272992     0.189203    -0.856307
    0.302474     0.186746    -0.823927
    0.330899     0.187238     -0.81605
    0.359541     0.189587    -0.833932
    0.388287     0.195354    -0.881237
    0.416832     0.203631    -0.945577
    0.446011     0.206644    -0.980089
    0.475526     0.209879    -0.997585
     0.50438     0.209972    -0.995222
     0.53355      0.20928    -0.989125
    0.562518      0.20951    -0.984185
    0.591404     0.209945    -0.980843
    0.620411     0.210262    -0.980257
    0.649499     0.211668     -0.98837
    0.678706     0.213951     -1.00525
    0.708733     0.216804     -1.03377
    0.741042     0.224773      -1.0943
    0.769022     0.222837     -1.08624
    0.796328     0.220305     -1.05788
    0.824736     0.219537     -1.05211
    0.853565     0.220737     -1.06041
    0.883954     0.224196     -1.08765
    0.915906     0.228385     -1.12814
    0.946618     0.232343     -1.16231
     0.97666     0.234794     -1.18244
     1.00593     0.235386     -1.19027
     1.03436     0.235583     -1.19047
     1.06265     0.235536     -1.18978
     1.09113     0.235807     -1.19262
     1.12015     0.236908     -1.20263
     1.14984     0.237989     -1.22118
     1.18092     0.241117      -1.2498
     1.21306     0.245024      -1.2876
   -0.779021     0.220751     -1.32326
   -0.744607     0.219882     -1.29655
   -0.710846     0.218935     -1.26833
   -0.676861     0.217686     -1.24041
   -0.643059     0.216829     -1.21246
   -0.610121     0.216158     -1.18856
   -0.577841     0.215908     -1.16892
   -0.546209     0.215874     -1.15256
   -0.514109     0.215842     -1.13742
   -0.483229      0.21635     -1.12477
   -0.451754     0.216113     -1.11007
   -0.420623     0.216272     -1.09664
   -0.389232     0.216296     -1.08076
   -0.357818     0.215845     -1.06276
   -0.326184     0.215575     -1.04412
   -0.294665     0.214958     -1.02529
   -0.263658     0.214375     -1.00836
   -0.233052     0.214522    -0.995639
   -0.203121     0.215355    -0.989877
   -0.173492     0.216256    -0.987316
   -0.144215     0.217696    -0.988614
   -0.115626     0.219377    -0.996402
  -0.0870465      0.22226     -1.01548
  -0.0590735     0.226381     -1.05108
  -0.0326423     0.233119     -1.09435
 -0.00455578     0.237745     -1.12452
   0.0249582     0.239323     -1.13329
   0.0556175     0.239424      -1.1228
   0.0868191     0.237696     -1.09695
    0.118304     0.235013     -1.06106
    0.149302     0.232797     -1.03048
    0.179912     0.231408     -1.00928
     0.20979     0.230644    -0.992978
    0.239477     0.230813     -0.97932
    0.269073     0.230985     -0.96192
    0.299437     0.225706    -0.917276
    0.329341     0.220809     -0.87212
    0.358302     0.221753     -0.86877
    0.387257     0.226164    -0.900661
    0.415511      0.23121    -0.949113
    0.445136     0.237479      -1.0005
    0.474421     0.241967      -1.0276
    0.503596     0.241537     -1.02209
    0.532923     0.240989      -1.0126
    0.561918     0.240611     -1.00503
    0.590754     0.240946    -0.999422
    0.619662     0.241586     -0.99644
    0.648882     0.242296      -1.0023
     0.67821     0.244051     -1.01976
    0.707824     0.248222     -1.05053
    0.739095     0.253465      -1.0903
    0.768932     0.254259     -1.09771
     0.79655     0.252289     -1.08196
    0.824943     0.251817     -1.07646
    0.854097     0.253296     -1.08723
    0.884388     0.255863     -1.11325
    0.916336     0.260102     -1.14814
    0.946697     0.263872     -1.17781
    0.976745     0.265697      -1.1958
     1.00602     0.266752     -1.20424
      1.0347     0.266321     -1.20648
     1.06343     0.266817     -1.20854
     1.09201     0.267319     -1.21295
     1.12115     0.268249     -1.22332
     1.15102     0.269865     -1.24216
     1.18236     0.272786     -1.27231
   -0.781609     0.252009      -1.3308
   -0.747701      0.25125     -1.30533
   -0.713078     0.249948     -1.27441
   -0.679025     0.248567     -1.24593
   -0.645316     0.247602     -1.21784
   -0.612093     0.246688     -1.19287
   -0.579646     0.246291     -1.17259
   -0.548013      0.24648     -1.15632
   -0.516049     0.246361     -1.14164
   -0.485054      0.24665     -1.12914
   -0.453697     0.246671     -1.11469
   -0.422432     0.246745     -1.10042
   -0.390872     0.246313     -1.08344
   -0.359302     0.245745     -1.06494
   -0.327783     0.245105     -1.04666
   -0.296224     0.244657     -1.02795
   -0.265179     0.244343     -1.01083
   -0.234614     0.244477    -0.997623
   -0.204394     0.244937    -0.990037
   -0.174831     0.245831    -0.986793
    -0.14543     0.247067    -0.987905
   -0.117065     0.249098    -0.997311
  -0.0886389     0.252379     -1.02087
  -0.0611148     0.258178     -1.06539
  -0.0348595     0.263973     -1.10976
 -0.00625688     0.268319     -1.13667
   0.0232887     0.270228     -1.14775
   0.0536481     0.270795       -1.142
   0.0845238     0.269942     -1.12483
    0.115553     0.268683     -1.10173
    0.146405     0.266844     -1.07549
     0.17704     0.265998     -1.05566
    0.207258     0.265398     -1.04073
    0.237167     0.265164     -1.03043
    0.266949     0.265495      -1.0251
    0.296493     0.266519     -1.01682
    0.326312     0.263686     -0.98534
    0.356094     0.260815    -0.961849
     0.38549     0.261708    -0.967599
    0.414825     0.265052    -0.997038
    0.444067     0.272754     -1.04287
    0.473386      0.27391     -1.05385
    0.502833     0.273181     -1.04545
    0.532099      0.27275     -1.03604
     0.56134     0.273021     -1.02763
    0.590239     0.272858     -1.02055
    0.619098     0.272267     -1.01687
      0.6485     0.273359     -1.02122
    0.677744     0.275479     -1.03577
    0.707929     0.279605     -1.06653
    0.739263     0.285122     -1.10893
    0.769018     0.286823     -1.12735
      0.7972     0.285554     -1.11566
    0.825712     0.284536     -1.11053
    0.855707     0.286971     -1.12412
     0.88561     0.290024     -1.14724
     0.91685     0.292722     -1.17378
    0.947266     0.295144     -1.19727
     0.97698     0.297075     -1.21273
     1.00636     0.298059     -1.22163
     1.03526     0.298158     -1.22632
     1.06441     0.298898     -1.23138
     1.09339     0.299485      -1.2374
     1.12264     0.300525     -1.24811
     1.15255     0.302244     -1.26789
     1.18422     0.305845     -1.30502
    -0.75098     0.282926     -1.31663
   -0.715668      0.28129     -1.28321
   -0.681577     0.279862     -1.25385
   -0.647721       0.2788     -1.22516
   -0.614401     0.277643     -1.19959
   -0.581927     0.277077     -1.17864
   -0.550189      0.27705     -1.16187
   -0.517976     0.276823     -1.14655
    -0.48714     0.277187      -1.1341
   -0.455574      0.27692     -1.11924
   -0.424213     0.276935     -1.10458
   -0.392645     0.276601     -1.08792
    -0.36123      0.27634     -1.07016
   -0.329725     0.275539     -1.05222
   -0.298047     0.275061     -1.03308
   -0.266969     0.274463     -1.01556
   -0.236258      0.27412     -1.00152
    -0.20594     0.274619     -0.99252
   -0.176116     0.275284    -0.987466
   -0.146585     0.276228    -0.987217
   -0.118336     0.278711    -0.997824
  -0.0903512     0.282577     -1.02586
  -0.0628504     0.289214     -1.07281
  -0.0363075     0.294724     -1.11215
 -0.00750522     0.298314     -1.13777
   0.0211902     0.302339     -1.15785
   0.0516512     0.302278     -1.15289
   0.0831059     0.300524     -1.13286
    0.113481     0.300655     -1.11967
    0.144287     0.299657     -1.10114
    0.174897     0.298744     -1.08436
    0.205163     0.298334     -1.07139
    0.235234     0.298052     -1.06081
    0.265115     0.297884     -1.05236
    0.295029     0.298363     -1.04899
    0.324605     0.299539     -1.04901
     0.35402     0.301498     -1.05394
    0.383506     0.302761     -1.05782
    0.413449     0.303569     -1.06521
    0.443051     0.305156     -1.07471
    0.472471     0.305557     -1.07255
    0.501891     0.305068     -1.06526
    0.531281     0.305144     -1.05793
    0.560603     0.304958     -1.05014
    0.589669     0.304447     -1.04302
    0.618638     0.304372     -1.04003
    0.648052     0.304907     -1.04479
    0.677564     0.307178     -1.05809
    0.707387     0.310689     -1.08403
    0.738762     0.315704     -1.12568
    0.769419     0.319651      -1.1536
    0.798036     0.318763     -1.15019
    0.827122      0.31909     -1.14962
    0.856942     0.320971     -1.16103
    0.886721     0.323007     -1.17727
    0.917007     0.324944     -1.19633
      0.9477     0.326927     -1.21569
    0.977376     0.328836     -1.23031
     1.00697       0.3297     -1.24089
     1.03617     0.330492     -1.24869
     1.06573     0.331435     -1.25718
      1.0949     0.331673     -1.26557
      1.1246     0.333117     -1.27983
     1.15522     0.335737     -1.30675
   -0.754614     0.315247     -1.32973
   -0.718787     0.313254     -1.29496
   -0.684728     0.311741     -1.26516
   -0.650632     0.310144     -1.23489
   -0.616935     0.309078     -1.20754
   -0.584107     0.308072     -1.18533
   -0.552405     0.307719     -1.16786
   -0.519988     0.307421     -1.15146
    -0.48895     0.307558     -1.13832
   -0.457402     0.307348     -1.12376
    -0.42621     0.307801     -1.11001
   -0.394762     0.307479     -1.09463
    -0.36332     0.307005     -1.07789
   -0.332122     0.306589     -1.06081
   -0.300104     0.305487     -1.04092
   -0.268943     0.304847     -1.02297
   -0.238088     0.304485     -1.00793
   -0.207688     0.304781    -0.998098
   -0.177804     0.305483    -0.992418
   -0.148167     0.306408    -0.990263
   -0.119818     0.308866    -0.999928
   -0.092148     0.312895     -1.02946
  -0.0642105     0.318983     -1.07316
  -0.0371514     0.323878      -1.1074
 -0.00833978      0.32756     -1.13223
   0.0203864      0.33168     -1.15225
   0.0506667     0.331959      -1.1486
   0.0821093     0.330327      -1.1307
    0.112148     0.331331     -1.12459
     0.14237     0.331763     -1.11677
    0.173011     0.330749     -1.10278
    0.203582      0.32971     -1.08896
    0.233551     0.329862     -1.07801
    0.263573     0.329539     -1.06834
    0.293646     0.329352     -1.06114
    0.323311     0.330099     -1.05832
    0.352903     0.331205     -1.06145
    0.382368     0.332572      -1.0683
    0.412232     0.334768     -1.07763
     0.44198     0.336089     -1.08487
    0.471488     0.336854     -1.08681
    0.500959     0.336762     -1.08324
    0.530435     0.337011     -1.07835
    0.559896      0.33683     -1.07247
    0.589132     0.336771     -1.06656
    0.618282     0.336723      -1.0641
    0.647773     0.337524     -1.06939
    0.677335      0.33999     -1.08375
    0.707502     0.342936     -1.10717
    0.738354     0.347524     -1.14148
    0.768683     0.350791     -1.16647
     0.79836     0.351148     -1.17317
     0.82767     0.352091     -1.17831
    0.857324     0.353337     -1.18693
    0.887151     0.355011     -1.19934
    0.916889     0.356438     -1.21407
    0.947868     0.358623     -1.23164
    0.977595     0.360558     -1.24667
      1.0075     0.361837        -1.26
     1.03718     0.363008     -1.27182
     1.06719     0.364803     -1.28563
     1.09701     0.366183     -1.30042
     1.12763     0.367955     -1.32362
     1.16012     0.372192      -1.3678
    -0.72193     0.344699     -1.30811
   -0.687984     0.343769      -1.2776
   -0.653526     0.341768     -1.24497
   -0.619247     0.339917     -1.21516
   -0.586402     0.339026     -1.19208
   -0.554722     0.338965      -1.1747
   -0.522198      0.33846     -1.15786
   -0.490976     0.338428     -1.14439
   -0.459604     0.338337     -1.13056
     -0.4284     0.338602     -1.11709
   -0.396937     0.338186     -1.10241
   -0.365517      0.33769     -1.08622
   -0.334248     0.337242     -1.06981
   -0.302481     0.336592     -1.05125
   -0.271254     0.335912     -1.03361
   -0.240371     0.335558     -1.01812
   -0.209779     0.335492      -1.0072
   -0.179801     0.336202     -1.00075
   -0.149957       0.3366    -0.995602
   -0.121077      0.33827     -1.00301
  -0.0937901      0.34306     -1.03154
  -0.0651092     0.348274     -1.06844
   -0.037994     0.352872     -1.09837
 -0.00929328     0.356996     -1.12243
   0.0201318     0.359295     -1.13684
   0.0500726     0.360574     -1.13684
   0.0809571      0.35991     -1.12552
    0.111121     0.360616     -1.12211
    0.140988     0.362417     -1.12303
    0.171165     0.362383     -1.11716
    0.201833     0.361154     -1.10476
    0.232111     0.360542     -1.09113
    0.262116     0.360719     -1.07971
    0.292215     0.360146      -1.0704
     0.32206     0.360742     -1.06459
    0.351745     0.360908     -1.06357
    0.381305     0.362167     -1.06753
    0.411108     0.363767     -1.07563
    0.440856     0.365747     -1.08578
    0.470459     0.367343     -1.09473
    0.500086     0.368362     -1.09881
    0.529613     0.368896     -1.09845
    0.559251     0.368678     -1.09525
    0.588573     0.369263     -1.09147
    0.617919     0.369487     -1.08939
    0.647326     0.369733     -1.09252
    0.677168     0.372691     -1.10517
    0.707045     0.374578     -1.12472
      0.7376     0.377503     -1.14997
     0.76766     0.380772     -1.17036
    0.797652     0.382093     -1.18328
    0.827611     0.384027     -1.19458
    0.857363     0.384987     -1.20489
    0.887233     0.386825     -1.21695
    0.916864     0.387847     -1.23029
    0.948034     0.390104     -1.24755
    0.977804     0.392494     -1.26417
     1.00809     0.394481       -1.281
     1.03826     0.396082     -1.29741
     1.06878     0.398574     -1.31769
     1.09992     0.401322     -1.34431
     1.13238     0.405264     -1.38444
   -0.725348     0.377047     -1.32243
   -0.691115     0.375661     -1.28905
   -0.656187      0.37308     -1.25494
   -0.621934     0.371203     -1.22434
   -0.588773     0.369945     -1.20027
   -0.557088         0.37     -1.18301
   -0.524633     0.369537     -1.16658
   -0.493388     0.369577     -1.15332
   -0.462056     0.369346     -1.13987
   -0.430699     0.369346     -1.12597
    -0.39926     0.369192     -1.11175
    -0.36797     0.368934     -1.09632
     -0.3367     0.368458      -1.0803
    -0.30488     0.367663     -1.06264
   -0.273771     0.367055     -1.04605
     -0.2428     0.366782      -1.0308
   -0.212139     0.366526     -1.01881
   -0.181833     0.366846     -1.01067
   -0.151727     0.367113     -1.00308
   -0.122505     0.368367     -1.00714
  -0.0950896     0.372469     -1.03093
  -0.0658446     0.377356     -1.06168
   -0.038517     0.381582     -1.08754
   -0.010032     0.386552     -1.11301
   0.0193142     0.388506     -1.12736
   0.0493502     0.389882     -1.12875
   0.0799295     0.389952     -1.12093
     0.10999     0.390566     -1.11855
    0.139721      0.39212     -1.12427
    0.169661     0.393148     -1.12613
    0.200079     0.393929     -1.12092
    0.230442     0.392534     -1.10726
    0.260703     0.391783      -1.0918
    0.290875     0.390963     -1.07963
    0.320853     0.391044     -1.07181
    0.350574     0.390939     -1.06751
    0.380148     0.391855     -1.06862
    0.409955      0.39349     -1.07443
    0.439706     0.395031     -1.08361
    0.469288     0.397177     -1.09493
    0.499051     0.399579     -1.10632
    0.528662     0.401103     -1.11444
    0.558527     0.401504     -1.11716
    0.587993     0.401921     -1.11585
    0.617583     0.401477     -1.11427
    0.646823      0.40213     -1.11575
    0.676742     0.403706     -1.12476
    0.706605     0.406066     -1.14017
    0.736853     0.408722     -1.16034
    0.767103     0.411102     -1.17844
    0.797119     0.413054     -1.19273
    0.827366     0.415419      -1.2071
    0.857278     0.416917     -1.21991
    0.887229     0.418781     -1.23303
    0.916877     0.420054     -1.24692
    0.948268     0.422254      -1.2655
    0.978407     0.425062     -1.28573
     1.00904     0.427658     -1.30674
     1.03989     0.430208     -1.33016
     1.07145     0.434021     -1.36029
     1.10437     0.438877     -1.40116
   -0.694523     0.407697     -1.30331
   -0.659465      0.40522     -1.26849
   -0.624817     0.403165      -1.2366
   -0.591821     0.402122     -1.21192
   -0.559868     0.401582     -1.19409
   -0.527601     0.401093     -1.17814
   -0.496117     0.400904     -1.16459
   -0.464753     0.400968     -1.15117
    -0.43331       0.4008     -1.13683
   -0.401879     0.400795     -1.12262
   -0.370482     0.400206     -1.10761
   -0.339239     0.399939     -1.09242
   -0.307466     0.398974      -1.0755
    -0.27628     0.398384     -1.05965
   -0.245396     0.398247     -1.04536
   -0.214609     0.397917     -1.03241
   -0.184015     0.397814     -1.02263
   -0.154075      0.39849     -1.01545
   -0.124418      0.39911     -1.01441
  -0.0962489      0.40203     -1.03022
  -0.0669563     0.406911     -1.05746
  -0.0392813     0.410597     -1.07919
  -0.0108835     0.415456     -1.10439
   0.0181959     0.418469     -1.12382
   0.0482944     0.419817     -1.12682
   0.0786345     0.419727     -1.12002
    0.108884     0.420246     -1.11776
    0.138522     0.422416     -1.12608
    0.168288     0.424691     -1.13243
    0.198568     0.425316     -1.13263
    0.228681     0.425082     -1.12431
    0.259082     0.424007     -1.10747
    0.289485     0.422287     -1.09081
    0.319531     0.421638     -1.08015
    0.349379     0.421906     -1.07345
    0.378947     0.422386     -1.07203
    0.408703     0.423562     -1.07633
    0.438556      0.42495     -1.08442
    0.468134     0.427054     -1.09455
    0.497808     0.429406     -1.10719
    0.527659     0.431568     -1.12163
    0.557691     0.433883     -1.13388
    0.587445      0.43471     -1.13927
    0.617074     0.435156     -1.14103
    0.646648     0.435966      -1.1437
    0.676588     0.436732      -1.1504
    0.706384     0.438547      -1.1615
    0.736501     0.440629      -1.1759
    0.766662     0.443036     -1.19087
    0.796575     0.444728     -1.20428
    0.826879     0.446458     -1.21877
    0.856957     0.448743     -1.23385
    0.887243     0.450725     -1.25002
    0.917312     0.453183     -1.26742
    0.948594     0.455365     -1.28916
    0.979582     0.458454     -1.31487
     1.01071     0.461919     -1.34202
     1.04275     0.465626     -1.37465
     1.07544     0.471168     -1.41381
   -0.698774     0.440914      -1.3232
   -0.663532     0.438244     -1.28744
   -0.628493     0.435516     -1.25338
   -0.595234     0.434258     -1.22701
   -0.562897     0.433479     -1.20792
   -0.530791     0.433107     -1.19199
   -0.499035     0.432905     -1.17762
   -0.467646     0.432683     -1.16411
   -0.435945     0.432344     -1.14843
   -0.404246     0.431997     -1.13313
      -0.373     0.431699     -1.11882
   -0.341896     0.431382     -1.10555
   -0.310341     0.430929     -1.09053
   -0.279064     0.430419     -1.07553
   -0.248161     0.430031     -1.06153
   -0.217262     0.429578     -1.04765
   -0.186379     0.429363     -1.03586
   -0.156339     0.429751     -1.02808
    -0.12651     0.430234     -1.02384
  -0.0977216     0.432094      -1.0329
  -0.0683964     0.437064     -1.05691
  -0.0400696     0.439746     -1.07561
  -0.0118938     0.443997     -1.10087
   0.0169845     0.448854      -1.1235
   0.0469529     0.449777     -1.12748
   0.0772372     0.450445     -1.12339
    0.107501     0.450642     -1.12099
     0.13717     0.453284     -1.13057
    0.166762     0.455255     -1.13959
    0.197222     0.456346     -1.14137
    0.227135     0.456966     -1.13745
    0.257499     0.456056     -1.12329
    0.288062     0.453955     -1.10363
    0.318234     0.452951     -1.09043
    0.348091      0.45269     -1.08204
    0.377811     0.453265     -1.07934
    0.407462     0.453877     -1.08224
    0.437435     0.455396     -1.08951
    0.467042     0.457379      -1.0989
     0.49679     0.459466     -1.11073
    0.526617     0.461735     -1.12594
    0.556873     0.464932     -1.14388
    0.586769     0.467172      -1.1573
     0.61668     0.468651     -1.16564
    0.646493     0.469361      -1.1714
    0.676329      0.47008     -1.17756
    0.706312     0.471568     -1.18641
    0.736187     0.472797     -1.19586
    0.766276     0.474922     -1.20706
    0.796127     0.476627     -1.21869
    0.826583     0.478543     -1.23447
    0.857027     0.481274     -1.25305
    0.887631     0.484167     -1.27333
    0.918419     0.487146     -1.29643
    0.949546     0.490062     -1.32304
    0.981957     0.494477     -1.35553
     1.01366     0.498516     -1.38936
     1.04625     0.503508     -1.42755
    -0.66838     0.472104     -1.31196
   -0.632692     0.468409     -1.27494
   -0.599208     0.467152     -1.24681
   -0.566586     0.466349     -1.22631
   -0.534438     0.465672     -1.20905
   -0.502097     0.464847     -1.19274
   -0.470818      0.46486     -1.17928
   -0.438881     0.464417     -1.16241
   -0.406913      0.46363      -1.1459
   -0.375531     0.463265     -1.13159
   -0.344705     0.463403     -1.12043
   -0.313452     0.463231     -1.10805
   -0.282168      0.46288     -1.09442
   -0.251133     0.462328     -1.07993
   -0.219957     0.461434      -1.0639
   -0.188821     0.460986      -1.0495
    -0.15839     0.460735     -1.03867
   -0.128155     0.460814     -1.03166
  -0.0993761     0.462785     -1.03789
  -0.0698531     0.467091     -1.05892
  -0.0414073     0.469762     -1.07673
  -0.0131733     0.474228     -1.10011
   0.0158881     0.478878      -1.1234
    0.045466     0.480844     -1.13206
   0.0755812     0.481379     -1.13119
    0.105872     0.481591     -1.12876
    0.135579     0.484449     -1.13876
    0.165275     0.486621     -1.14857
    0.195654     0.487374     -1.15034
     0.22583     0.487999     -1.14704
    0.256034     0.487688     -1.13543
    0.286617     0.486157     -1.11649
    0.316869     0.484833     -1.10253
    0.346795     0.484178     -1.09329
    0.376596     0.484357     -1.08946
    0.406213     0.484977     -1.09149
    0.436353     0.486295     -1.09827
    0.465884     0.488328     -1.10742
    0.495683     0.490704     -1.11947
    0.525546     0.492927     -1.13405
    0.555821     0.495781     -1.15274
    0.585989     0.498259     -1.17022
    0.616069     0.500571     -1.18435
    0.646104     0.502562     -1.19504
     0.67604     0.503605     -1.20354
    0.706311     0.505245     -1.21348
    0.736201     0.506887       -1.222
    0.766192     0.507831     -1.23132
    0.796246     0.509183     -1.24276
    0.826898     0.512008     -1.26077
    0.857736     0.515011     -1.28336
    0.888766     0.518501     -1.30801
     0.92007     0.522443     -1.33676
    0.951574     0.526651     -1.36791
    0.984563     0.531625     -1.40387
     1.01672     0.536533     -1.44225
   -0.638276     0.503231     -1.30401
   -0.603938     0.500877     -1.27219
   -0.570898     0.499807     -1.24928
   -0.538644       0.4988     -1.23069
   -0.505693     0.497766     -1.21198
   -0.474254     0.497776     -1.19797
   -0.442377     0.497123     -1.18163
   -0.410447     0.496497     -1.16507
   -0.378851     0.495979     -1.15029
   -0.347898     0.496042     -1.13934
   -0.316834     0.496036     -1.12803
   -0.285387     0.495699     -1.11496
   -0.254354     0.495149     -1.10111
   -0.222977     0.494014     -1.08377
   -0.191385     0.492853     -1.06573
   -0.160461     0.492008     -1.05099
   -0.130287      0.49195     -1.04285
   -0.101174     0.493723     -1.04776
  -0.0718657      0.49778     -1.06647
  -0.0429395     0.500869      -1.0843
  -0.0147115     0.504951     -1.10601
   0.0140051     0.510092     -1.13078
   0.0434686     0.512908     -1.14631
    0.073734     0.513435      -1.1448
    0.104122     0.513315     -1.14222
    0.133903     0.516198     -1.15154
    0.163674     0.518564     -1.16035
       0.194     0.519034     -1.16128
     0.22432     0.519624     -1.15542
    0.254641      0.51884      -1.1431
    0.285112     0.517172     -1.12686
    0.315606      0.51609      -1.1144
    0.345558     0.515413     -1.10581
    0.375365     0.515914     -1.10199
    0.404975     0.516627     -1.10409
     0.43529     0.518323     -1.11132
     0.46484      0.51994     -1.12033
    0.494706     0.522265     -1.13268
    0.524655     0.524654     -1.14731
    0.554871     0.527871     -1.16566
    0.585128     0.530621     -1.18433
    0.615465       0.5331     -1.20162
    0.645676      0.53588     -1.21672
    0.675765     0.537718     -1.22921
    0.706306     0.539909     -1.24231
    0.736458     0.541752     -1.25386
    0.766654     0.542807     -1.26609
    0.797099     0.544605     -1.28158
    0.827989     0.548038     -1.30324
    0.859374     0.551649     -1.33027
     0.89092     0.556308     -1.35917
    0.922798     0.561131     -1.39058
    0.954617     0.564889     -1.42311
     0.98686     0.569671     -1.45896
   -0.609207     0.535608      -1.3032
   -0.575682     0.534026     -1.27654
   -0.543538     0.533307     -1.25735
   -0.510116      0.53166     -1.23709
   -0.478486     0.531648     -1.22162
   -0.446453     0.530888     -1.20562
   -0.414576     0.530321     -1.18906
   -0.382724     0.529391     -1.17373
   -0.351464     0.529324     -1.16138
   -0.320331     0.529192     -1.14989
   -0.288787     0.528684     -1.13728
   -0.257814     0.528374      -1.1251
   -0.226436     0.527584     -1.10861
   -0.194568     0.525787     -1.08756
   -0.163052     0.524214     -1.06805
   -0.132624     0.523965     -1.05899
   -0.103518     0.526192     -1.06419
  -0.0743794      0.52975      -1.0799
  -0.0448742     0.533032     -1.09752
  -0.0165778     0.536959     -1.11834
   0.0121528     0.541857     -1.14417
   0.0411549     0.546295     -1.16647
   0.0716122     0.546006     -1.16721
    0.101953     0.547534     -1.16624
    0.131894     0.549313     -1.17102
    0.161906      0.55125     -1.17534
    0.192339     0.551197     -1.17282
    0.222922     0.550779     -1.16282
    0.253445     0.549369      -1.1493
    0.283645     0.548838     -1.13664
    0.314183     0.548152     -1.12695
    0.344233     0.547237     -1.11997
     0.37405     0.547943     -1.11749
    0.403708     0.549069     -1.12023
    0.434143     0.550741     -1.12854
    0.463888     0.552863     -1.13888
    0.493715       0.5548     -1.15145
    0.523893     0.557409     -1.16669
    0.554079      0.56058     -1.18565
    0.584499     0.563635     -1.20567
      0.6148     0.566887     -1.22475
    0.645121     0.569366     -1.24248
    0.675497     0.571994     -1.25947
    0.706401     0.575023     -1.27797
    0.737141     0.577894     -1.29691
    0.768073     0.581116     -1.31686
     0.79913     0.584276     -1.33939
    0.830384      0.58818     -1.36406
    0.862012     0.592211     -1.39202
    0.893706     0.596245     -1.42252
    0.925843     0.600331     -1.45488
   -0.615684      0.57171     -1.34202
   -0.581341      0.56924     -1.30974
   -0.548429     0.567696     -1.28732
   -0.515128     0.566242     -1.26575
   -0.482722     0.565556     -1.24726
   -0.450588     0.564663     -1.23037
   -0.418592     0.563931      -1.2131
   -0.386582     0.563078     -1.19745
   -0.355039      0.56261     -1.18395
   -0.323913     0.562714     -1.17271
   -0.292381     0.562237      -1.1613
   -0.261378     0.562251     -1.15083
   -0.230287      0.56192      -1.1374
   -0.198394     0.560138     -1.11604
    -0.16602     0.557185     -1.09173
   -0.135409     0.556578     -1.07932
    -0.10592      0.55909     -1.08299
  -0.0772541     0.562106     -1.09724
  -0.0472146     0.565715     -1.11633
  -0.0190445     0.570072     -1.13907
  0.00943815     0.575859      -1.1691
   0.0383981     0.580872      -1.1951
   0.0683008      0.58321     -1.20416
   0.0990629     0.582939     -1.20117
    0.129687      0.58316     -1.19672
    0.160161     0.583649     -1.19321
     0.19072     0.583482       -1.185
    0.221596     0.582384       -1.171
    0.252064     0.580993     -1.15774
    0.282276     0.580489     -1.14812
    0.312723     0.580288     -1.14163
    0.342808     0.579891     -1.13674
    0.372841     0.580301     -1.13577
    0.402573     0.581956     -1.13986
    0.432857     0.583865     -1.14942
    0.462912     0.585729     -1.16228
    0.492949     0.588482     -1.17764
    0.523127     0.591486     -1.19559
     0.55336     0.595258     -1.21679
    0.584111     0.598743     -1.23983
     0.61472      0.60306     -1.26265
    0.645383     0.606617     -1.28569
    0.676371     0.609926      -1.3082
    0.707269     0.613811     -1.33099
    0.738711     0.616605     -1.35458
    0.769799     0.620371     -1.37854
     0.80123      0.62385     -1.40413
    0.832782     0.627994     -1.43153
    0.864731     0.632847     -1.46238
   -0.553854     0.603105     -1.32167
   -0.520931     0.601864     -1.29918
   -0.487258     0.599809     -1.27634
   -0.454989     0.598899     -1.25767
   -0.422574     0.597784     -1.23846
   -0.390402     0.596986     -1.22195
   -0.358695     0.596352     -1.20797
   -0.327541     0.596398     -1.19769
   -0.296264      0.59619     -1.18846
    -0.26509     0.596358     -1.17957
    -0.23426     0.596677     -1.16987
    -0.20261     0.595265     -1.15164
    -0.17007     0.592483     -1.12585
   -0.138621     0.590868     -1.10651
   -0.108423     0.591495      -1.1037
  -0.0801842     0.595036     -1.11816
  -0.0500393      0.59939     -1.14099
  -0.0217105     0.604376     -1.16633
  0.00675934     0.609946      -1.1974
    0.035625     0.615973     -1.22537
   0.0653665     0.618759     -1.23843
   0.0961891     0.619067     -1.23638
     0.12719     0.618201     -1.22659
    0.158112     0.617395     -1.21459
    0.188973     0.615966     -1.19943
    0.220151     0.614297     -1.18329
    0.250625     0.613534     -1.17176
    0.280902     0.613475     -1.16466
    0.311283     0.613433      -1.1607
     0.34142     0.613937     -1.15902
    0.371445     0.614256     -1.16005
    0.401367     0.615665     -1.16627
    0.431544     0.617848     -1.17868
    0.461961     0.620826     -1.19577
    0.492144     0.624371     -1.21534
    0.522482     0.628006     -1.23733
     0.55313     0.632189     -1.26053
    0.583873      0.63581     -1.28591
     0.61476     0.640096     -1.31237
    0.645783     0.644112     -1.33951
    0.677298     0.648876      -1.3673
    0.708463     0.652832     -1.39256
     0.73989      0.65668     -1.41824
    0.771894     0.661464     -1.44764
   -0.527459     0.638835      -1.3413
   -0.492909     0.635863      -1.3151
   -0.460514     0.635057     -1.29476
   -0.427661     0.633518     -1.27435
   -0.395256     0.632055     -1.25613
   -0.363394     0.631693     -1.24181
   -0.332039     0.631742     -1.23192
   -0.301067     0.632061      -1.2246
    -0.26983     0.632458     -1.21756
   -0.238951     0.632909     -1.21036
   -0.207627      0.63258       -1.197
   -0.175225     0.629829     -1.17305
   -0.142732     0.626844     -1.14735
   -0.111968      0.62638     -1.13591
   -0.082976     0.629572     -1.14632
  -0.0534757     0.633807     -1.16888
  -0.0244052     0.638854     -1.19644
  0.00375989     0.645297     -1.22653
   0.0330452     0.649794     -1.25178
   0.0629733     0.652766     -1.26576
   0.0936303     0.654121     -1.26666
    0.124778     0.653405     -1.25556
    0.156007     0.651796     -1.23845
    0.187137      0.64958      -1.2191
    0.218426     0.647319     -1.20289
    0.249007     0.646827     -1.19253
     0.27931     0.647091     -1.18697
    0.309617     0.647172     -1.18487
     0.33995     0.648261     -1.18692
    0.370041     0.649992     -1.19267
    0.400169     0.652098     -1.20396
    0.430197     0.655183     -1.22075
     0.46099     0.659271     -1.24345
     0.49156     0.663127     -1.26718
    0.522152     0.666794     -1.29153
    0.552926      0.67085     -1.31755
    0.583982     0.676424     -1.34726
    0.615255     0.681739     -1.37978
   -0.467775     0.673951     -1.34852
   -0.434902     0.672343     -1.32776
   -0.402283     0.670903      -1.3087
   -0.370126     0.670322     -1.29396
   -0.338395     0.670285     -1.28306
   -0.307212     0.670439     -1.27594
   -0.276027     0.671199      -1.2709
   -0.244991     0.671796     -1.26579
    -0.21367     0.671863      -1.2568
   -0.181891      0.67045     -1.23974
   -0.149192     0.667551     -1.21515
   -0.117072     0.664652     -1.19466
  -0.0868085     0.666507     -1.19534
  -0.0580334     0.670053     -1.21112
  -0.0275174     0.674516     -1.23416
  0.00086945     0.681018     -1.26176
    0.030153     0.685922     -1.28554
   0.0602029     0.688873     -1.29811
   0.0909591     0.689861     -1.29774
    0.122454     0.688461     -1.28543
    0.153905     0.686338     -1.26678
    0.185054     0.684514     -1.24843
    0.216295     0.682814     -1.23307
    0.247063     0.681602     -1.22234
    0.277499     0.682015     -1.21766
    0.307861     0.682253     -1.21702
     0.33846     0.683245       -1.222
    0.368626     0.685673     -1.23311
    0.398778     0.689142     -1.25052
   -0.378497     0.711996      -1.3627
   -0.346396     0.711622     -1.35001
   -0.314755     0.711685     -1.34185
    -0.28362     0.712414     -1.33757
    -0.25205     0.712906     -1.33417
   -0.221114     0.713924     -1.33053
   -0.189643     0.714229     -1.32308
   -0.157991     0.713731      -1.3119
   -0.126231     0.712931     -1.29981
  -0.0947262      0.71296     -1.29317
   -0.064403     0.714689     -1.29549
  -0.0342866     0.718003     -1.30507
 -0.00298191     0.719474      -1.3176
   0.0267552     0.723146     -1.33031
   0.0571498     0.725886     -1.33717
   0.0880907     0.726213     -1.33502
    0.119647     0.725455     -1.32431
    0.151278     0.723205     -1.30697
    0.182614      0.72186     -1.29109
     0.21374     0.720735     -1.27738
    0.244925     0.718883     -1.26612
    0.275509     0.719381     -1.26182
    0.306002     0.720463     -1.26349
    0.336676       0.7214     -1.27163
  -0.0419595      0.76585     -1.41559
  -0.0103995      0.76653     -1.41096
   0.0221761     0.765559     -1.40457
    0.053414      0.76563      -1.3973
   0.0848558     0.765229     -1.38898
    0.116318     0.764798     -1.37892
    0.147835     0.763902     -1.36612
    0.179328     0.763092     -1.35382
    0.210619     0.761953     -1.34291
    0.242105     0.760568     -1.33392