V
   -0.402977    -0.315192     -1.48739
   -0.386789    -0.342356     -1.46985
   -0.369868    -0.369163     -1.45158
    -0.35298    -0.396265     -1.43111
   -0.335738    -0.422772     -1.40887
   -0.319022    -0.449211     -1.39233
   -0.302181    -0.475817      -1.3813
    -0.28513    -0.501507     -1.37376
   -0.269221    -0.527707     -1.37517
   -0.478148    -0.141005     -1.46919
   -0.460509    -0.169865     -1.43479
   -0.442859    -0.196682     -1.42082
   -0.427261    -0.222852     -1.42373
   -0.409312    -0.248648     -1.42769
   -0.392599    -0.274674     -1.43122
   -0.376779     -0.30072     -1.43072
   -0.360094    -0.327581     -1.41914
   -0.343185    -0.354439     -1.40036
   -0.325971    -0.381286     -1.37573
   -0.309088    -0.407846     -1.35325
   -0.292626    -0.434205     -1.33819
   -0.276078    -0.460582     -1.32847
    -0.25952    -0.486106     -1.32328
   -0.243194    -0.511928     -1.32433
   -0.227569    -0.538048     -1.33039
    -0.21121    -0.563795     -1.34037
   -0.111548    -0.719142     -1.43614
   -0.518048   -0.0195921     -1.46469
   -0.500397   -0.0475434     -1.44103
   -0.482729   -0.0761532     -1.40497
   -0.464547    -0.105853     -1.35694
   -0.447113    -0.134212     -1.32087
   -0.430432    -0.160247      -1.3136
   -0.414603    -0.185259     -1.32546
   -0.398662    -0.209891     -1.34648
   -0.381462    -0.234911     -1.36807
   -0.365785    -0.259916     -1.38339
   -0.350096    -0.286076     -1.38793
   -0.333265    -0.312457     -1.37882
   -0.316491    -0.339291     -1.35928
   -0.299901     -0.36649     -1.33367
   -0.283648    -0.393056     -1.31269
   -0.266803    -0.419138     -1.29958
   -0.250176    -0.444943     -1.29151
   -0.234029      -0.4707     -1.28756
   -0.218105    -0.496513     -1.28708
   -0.201709    -0.522273      -1.2903
   -0.185397    -0.547793     -1.29602
   -0.168885    -0.573314     -1.30348
   -0.152778    -0.598855      -1.3142
   -0.136435    -0.624745     -1.32886
   -0.119706    -0.650833     -1.34346
   -0.103602     -0.67657     -1.35707
  -0.0873834    -0.702317     -1.37231
  -0.0705292    -0.728236      -1.3888
   -0.053702    -0.754211     -1.40699
  -0.0370523    -0.780372     -1.42287
    -0.02098    -0.806633     -1.43628
  -0.0041243    -0.832703     -1.44817
   0.0124064    -0.858734     -1.45856
   0.0292858    -0.884809     -1.46906
   0.0457903    -0.910438     -1.47906
   0.0623579    -0.936561     -1.49068
   -0.557205     0.100451     -1.44523
    -0.54019     0.072271     -1.42493
   -0.522967    0.0447222     -1.40488
   -0.505523    0.0170818     -1.38423
   -0.488338   -0.0111235     -1.36211
   -0.470737   -0.0388923     -1.33292
   -0.453237   -0.0676727     -1.29262
    -0.43575   -0.0959909     -1.25688
   -0.419479    -0.122411     -1.24381
    -0.40385    -0.147335     -1.25376
   -0.388384    -0.171448     -1.27477
   -0.371499    -0.196303     -1.30163
   -0.355608    -0.220619     -1.32791
   -0.339634    -0.245465     -1.34653
   -0.323538    -0.271205     -1.35103
   -0.306814    -0.297501     -1.34258
   -0.290299    -0.324214     -1.32484
   -0.273769    -0.350945     -1.30323
   -0.257387    -0.377365     -1.28402
   -0.240793    -0.403505     -1.27177
    -0.22482    -0.429589     -1.26394
   -0.208604    -0.455207     -1.25945
   -0.192588    -0.480899     -1.25695
   -0.176384    -0.506714     -1.25712
   -0.160002    -0.532034     -1.25831
   -0.143793    -0.557582     -1.26126
   -0.127958    -0.583111     -1.26736
   -0.111694    -0.608949     -1.27879
  -0.0953083    -0.634428     -1.29115
  -0.0787815    -0.659895     -1.30427
  -0.0625395    -0.685646     -1.31913
  -0.0463349    -0.711515     -1.33384
  -0.0293068    -0.736984     -1.34704
  -0.0130235    -0.762795     -1.35829
  0.00365183    -0.788389     -1.36823
   0.0198495     -0.81419     -1.37794
   0.0365266     -0.83995     -1.38874
    0.052826    -0.866011     -1.40025
   0.0693329    -0.891931     -1.41258
   0.0853275    -0.918145     -1.42604
    0.102154    -0.944007     -1.43986
    0.118809      -0.9702     -1.45747
    0.135489    -0.996458     -1.47764
   -0.580725     0.194476     -1.44272
   -0.563291     0.166159     -1.41626
   -0.546026     0.137888     -1.39201
   -0.528118     0.110113     -1.36975
   -0.511376    0.0823813     -1.34976
   -0.494136    0.0548058     -1.32964
   -0.476915    0.0271605     -1.30915
   -0.460532 -6.48065e-05     -1.29027
   -0.443544   -0.0276469      -1.2624
   -0.425946   -0.0563904     -1.22464
   -0.409009   -0.0835502     -1.20087
   -0.392737    -0.108735     -1.19942
   -0.377278    -0.133192     -1.21495
   -0.362141    -0.157178     -1.23815
   -0.345181    -0.182013     -1.26737
   -0.329484    -0.205666     -1.29388
   -0.314307    -0.230859     -1.31196
   -0.297769    -0.256644       -1.317
   -0.281089    -0.282846     -1.30851
   -0.264432    -0.309251     -1.29429
   -0.248094    -0.335574      -1.2788
   -0.231863    -0.361879     -1.26355
   -0.215475    -0.388062     -1.25212
   -0.199732    -0.414132     -1.24328
   -0.183328    -0.439597     -1.23699
   -0.167179    -0.465294     -1.23172
   -0.150914    -0.490858     -1.22888
   -0.134727    -0.516328     -1.22686
   -0.119085    -0.541937     -1.22752
   -0.103019    -0.567162     -1.23172
  -0.0863129    -0.592863     -1.24086
  -0.0704137    -0.618044     -1.25155
  -0.0539129    -0.643549     -1.26474
  -0.0377027    -0.669096     -1.27894
  -0.0214965    -0.694991     -1.29345
 -0.00484738    -0.720344     -1.30472
   0.0115021    -0.745751     -1.31302
   0.0274535     -0.77139     -1.31943
   0.0435055    -0.797035     -1.32529
   0.0599288    -0.822579     -1.33243
   0.0756962    -0.848181     -1.34032
   0.0923698    -0.873494     -1.35175
    0.108582     -0.89951     -1.36635
    0.125479     -0.92541     -1.38361
    0.141684     -0.95184     -1.40298
    0.158682    -0.977662     -1.42263
    0.175832     -1.00394     -1.44519
   -0.570622     0.234787     -1.41655
   -0.552656     0.206035     -1.38939
   -0.535219     0.177888     -1.36514
   -0.518106     0.149769     -1.34164
   -0.500656     0.121911      -1.3193
   -0.483802    0.0942814     -1.29915
   -0.467124    0.0671115     -1.28113
    -0.45032    0.0396162     -1.26275
   -0.433639    0.0126679     -1.24272
   -0.416743   -0.0154412     -1.21148
   -0.399479    -0.043678     -1.17925
   -0.383208   -0.0699072     -1.16494
   -0.367075   -0.0947664     -1.16851
   -0.351471    -0.118973     -1.18322
   -0.335744    -0.143225     -1.20622
    -0.31933    -0.167628     -1.23208
   -0.303824    -0.192128     -1.24928
   -0.287579    -0.217176     -1.26505
   -0.271691    -0.242224     -1.27455
   -0.255017     -0.26813     -1.27196
   -0.238905    -0.294265     -1.26602
   -0.222282    -0.320038     -1.25929
   -0.206379    -0.346013     -1.25125
   -0.190141    -0.372413     -1.24025
   -0.174071    -0.398246     -1.22835
    -0.15804    -0.423944     -1.21911
   -0.142262     -0.44989     -1.21109
   -0.126155    -0.475548     -1.20549
   -0.109747    -0.500689      -1.2015
  -0.0941198    -0.526261     -1.20114
  -0.0782375    -0.551516     -1.20504
  -0.0619487    -0.577266     -1.21338
  -0.0456237    -0.602312     -1.22355
  -0.0292784    -0.627493     -1.23658
  -0.0129806    -0.653024     -1.25037
  0.00335907    -0.678602     -1.26416
   0.0194749     -0.70413     -1.27461
   0.0358724    -0.729471     -1.28214
   0.0518759    -0.754785      -1.2865
   0.0681862     -0.78005     -1.28973
   0.0842943    -0.805509     -1.29447
   0.0997493    -0.830993     -1.30017
    0.115902     -0.85647     -1.30893
     0.13227    -0.881976     -1.32168
    0.148895    -0.907755     -1.33797
    0.165077    -0.933637     -1.35483
    0.181563    -0.959425     -1.37332
    0.198356    -0.985464     -1.39415
    0.215763     -1.01189     -1.41871
    0.233014     -1.03886     -1.44764
   -0.577628     0.304295     -1.42564
   -0.560132     0.275563      -1.3975
   -0.542381     0.246501     -1.37176
   -0.525217      0.21867     -1.34989
   -0.508328     0.190537     -1.32772
    -0.49129     0.162725     -1.30604
   -0.474299     0.134937     -1.28517
   -0.457378     0.107722     -1.26607
   -0.440796    0.0805228       -1.248
   -0.423885    0.0530452     -1.22828
    -0.40716    0.0259988     -1.20489
   -0.390417  -0.00246768     -1.17256
   -0.373322   -0.0297659      -1.1465
   -0.357291   -0.0558752     -1.13595
   -0.341352   -0.0805512     -1.14217
   -0.326057    -0.104396     -1.15758
   -0.309653    -0.129128     -1.17979
   -0.294081     -0.15373     -1.19825
   -0.278032    -0.178048     -1.21459
   -0.261808    -0.202498     -1.23061
   -0.245781    -0.228222     -1.23267
    -0.22921    -0.253632     -1.23441
   -0.212954    -0.279011     -1.23917
    -0.19695    -0.304646     -1.24137
   -0.180982    -0.330346     -1.23963
   -0.164671    -0.356479     -1.23105
   -0.148821    -0.382486     -1.21737
   -0.132952    -0.408352     -1.20527
   -0.116936     -0.43419     -1.19425
    -0.10089    -0.459716     -1.18638
  -0.0848389    -0.485112      -1.1813
  -0.0690847    -0.510493     -1.18024
  -0.0531793    -0.535749     -1.18429
  -0.0368755    -0.561282     -1.19219
  -0.0206458    -0.586191     -1.20234
 -0.00468175    -0.611703     -1.21534
   0.0120123    -0.636734     -1.22928
   0.0283198    -0.662433     -1.24277
   0.0439792    -0.688047     -1.25111
   0.0599958    -0.713224     -1.25474
   0.0759431    -0.738384     -1.25464
   0.0919756    -0.763699     -1.25637
    0.107714    -0.789045     -1.26153
    0.123969    -0.814064      -1.2685
     0.13966    -0.839775     -1.27809
    0.156031    -0.865139     -1.29015
    0.172267    -0.890796     -1.30411
    0.188212    -0.916354     -1.31768
    0.205236    -0.941632     -1.33277
    0.221302    -0.967116     -1.34916
    0.238565    -0.993691      -1.3698
    0.255119     -1.01951      -1.3919
    0.272369     -1.04566     -1.41771
   -0.567875     0.345318     -1.41609
   -0.549763     0.316089     -1.38379
   -0.532832     0.288028     -1.36002
   -0.515185     0.259021      -1.3359
   -0.498375     0.231761     -1.31671
   -0.481403     0.203823     -1.29632
   -0.464514     0.176412     -1.27712
   -0.447916     0.148848     -1.25776
   -0.431178     0.121515     -1.23863
   -0.414199    0.0943089     -1.21912
   -0.397671    0.0667826     -1.19795
   -0.381213    0.0392385     -1.17185
   -0.364295    0.0111583     -1.14174
   -0.347985   -0.0157235     -1.12179
    -0.33204   -0.0416576     -1.11273
   -0.316327   -0.0664329     -1.11938
   -0.300817   -0.0897097     -1.13732
   -0.284138    -0.114439      -1.1596
   -0.268761    -0.138337     -1.18014
   -0.252108    -0.162634     -1.19921
   -0.236273    -0.187474     -1.20909
   -0.220088    -0.213186     -1.20672
   -0.203991    -0.239117     -1.20623
   -0.187628    -0.263951     -1.21556
   -0.171802    -0.289316     -1.22389
   -0.155853     -0.31497     -1.22532
   -0.139397    -0.340742     -1.22025
   -0.123505    -0.366618     -1.20754
   -0.107699    -0.392679     -1.19181
  -0.0917775    -0.418566     -1.17859
  -0.0756738    -0.444013     -1.16952
  -0.0599072    -0.469506     -1.16354
   -0.044312    -0.494864     -1.16295
  -0.0284712    -0.520298     -1.16768
  -0.0122308    -0.545467     -1.17554
  0.00398774    -0.570579     -1.18653
   0.0203273    -0.595767     -1.19959
   0.0364364    -0.621133     -1.21321
   0.0527016    -0.646598      -1.2226
   0.0683628    -0.671823      -1.2226
   0.0842314    -0.696809     -1.22056
   0.0994734    -0.722051      -1.2195
    0.115773    -0.747398     -1.22428
    0.131664    -0.772595     -1.23358
    0.148047    -0.797731     -1.24425
    0.163972    -0.823257     -1.25497
    0.180091    -0.848656     -1.26644
    0.196222    -0.874101     -1.27837
    0.212572    -0.899316     -1.28984
    0.228595    -0.924805     -1.30248
    0.244944    -0.949737     -1.31562
    0.261831    -0.976023     -1.33189
    0.277496     -1.00135     -1.34711
    0.293902     -1.02674     -1.36304
    0.310924     -1.05236     -1.38457
    0.328695     -1.07915     -1.41805
   -0.558008     0.387605     -1.41238
   -0.539996     0.357503     -1.37519
   -0.522574     0.328537     -1.34838
   -0.505737     0.300723       -1.327
   -0.488402     0.272168     -1.30503
   -0.471721     0.244749     -1.28694
   -0.455048     0.217238     -1.26833
   -0.438301     0.189857      -1.2505
   -0.421699     0.162496     -1.23151
   -0.405043     0.135316      -1.2125
   -0.388248     0.107904     -1.19211
   -0.371924     0.080476     -1.17044
   -0.355393    0.0528055     -1.14395
   -0.338738    0.0252167     -1.11798
   -0.322763   -0.0012612     -1.10346
    -0.30686   -0.0266143     -1.09612
    -0.29079   -0.0517134     -1.10163
    -0.27524   -0.0746891     -1.12223
   -0.258617   -0.0994041     -1.14501
   -0.243217    -0.123014     -1.16844
   -0.226539    -0.147046      -1.1874
   -0.210833    -0.172545     -1.19191
   -0.195088    -0.198207      -1.1896
   -0.178795    -0.223947     -1.18778
   -0.162452    -0.248755     -1.19746
   -0.146313    -0.273738     -1.20787
   -0.130121    -0.299149     -1.21048
   -0.114069    -0.325003     -1.20798
  -0.0982475    -0.350894     -1.19599
  -0.0824117    -0.376983     -1.17743
  -0.0667437    -0.403091     -1.16277
  -0.0510588    -0.428672     -1.15344
   -0.035179    -0.453881     -1.14815
  -0.0195637    -0.479158     -1.14853
 -0.00338818    -0.504473     -1.15494
   0.0126419    -0.529818     -1.16403
   0.0290326    -0.554723      -1.1757
   0.0453422    -0.579833       -1.188
   0.0609889    -0.605214      -1.1961
   0.0771081    -0.630427      -1.1956
   0.0924993    -0.655668     -1.18932
    0.107688    -0.680867     -1.18566
     0.12359    -0.705693     -1.18686
    0.139857    -0.730963     -1.19708
    0.156191    -0.756191     -1.21202
     0.17256     -0.78137     -1.22574
    0.188471    -0.806798     -1.23625
    0.204243    -0.832319       -1.246
    0.220216    -0.857557     -1.25518
    0.236039    -0.882797     -1.26459
    0.252167    -0.907903     -1.27638
    0.268511    -0.933145     -1.28986
    0.285214    -0.959078     -1.30462
    0.300962    -0.984015       -1.316
    0.316729     -1.00916     -1.32562
    0.332649     -1.03424     -1.33605
    0.349236     -1.05946     -1.35269
    0.366612     -1.08553     -1.37966
   -0.530531      0.39892     -1.37221
   -0.513189      0.36967     -1.34048
   -0.496079      0.34152      -1.3182
   -0.479111     0.313563     -1.29806
   -0.462111     0.285638     -1.27876
   -0.445516     0.258435     -1.26215
    -0.42904     0.231018     -1.24429
   -0.412324      0.20352     -1.22602
   -0.395675     0.176294     -1.20689
   -0.379147     0.149197     -1.18775
    -0.36231     0.121575     -1.16627
    -0.34614    0.0942533     -1.14464
   -0.329872    0.0667598     -1.12051
   -0.313424    0.0395616     -1.09854
   -0.297503    0.0134514     -1.08641
   -0.281566   -0.0120151     -1.07899
   -0.265547    -0.036821     -1.08676
   -0.250158   -0.0595132     -1.11246
   -0.233392   -0.0842006     -1.13608
   -0.217379    -0.107069     -1.16055
   -0.201379    -0.131494     -1.18072
   -0.185511    -0.156682     -1.18432
   -0.169596    -0.182788     -1.17899
   -0.153378    -0.208404     -1.17608
   -0.137384    -0.233376      -1.1854
    -0.12115    -0.258381      -1.1945
    -0.10493    -0.283764     -1.19769
  -0.0886975    -0.309312     -1.19545
   -0.072951    -0.335323     -1.18098
  -0.0576791     -0.36162     -1.16208
  -0.0419152    -0.387526     -1.14757
  -0.0260615    -0.412979     -1.13872
  -0.0103559    -0.438333     -1.13558
  0.00526236    -0.463505     -1.13783
   0.0218057    -0.488642     -1.14622
   0.0378022    -0.513875     -1.15741
   0.0538702    -0.538927     -1.16879
    0.069873    -0.564017     -1.17518
    0.085431    -0.589354     -1.17382
    0.100822    -0.614758     -1.16555
    0.116053    -0.639751     -1.15704
    0.131609     -0.66489     -1.15476
    0.147433    -0.689736     -1.16053
    0.163558    -0.715234     -1.17621
     0.18036    -0.740353     -1.19627
     0.19653    -0.765666     -1.21073
    0.212516    -0.790493     -1.21714
    0.228235     -0.81587     -1.22349
    0.244149    -0.840797     -1.23036
    0.260073    -0.865857     -1.23939
    0.276081    -0.890933     -1.25091
    0.292276    -0.916465     -1.26493
    0.308537     -0.94205     -1.27857
    0.324365    -0.966748     -1.28712
    0.339716    -0.991777     -1.29272
    0.355098     -1.01627     -1.29728
    0.370655     -1.04142     -1.30594
    0.386682     -1.06641     -1.31961
   -0.521403     0.442043     -1.37715
   -0.503523     0.411104     -1.33935
   -0.486714     0.382506     -1.31205
   -0.469737      0.35481     -1.29218
   -0.452775     0.326684     -1.27254
   -0.436177     0.299278     -1.25541
    -0.41928     0.272232     -1.23948
   -0.402746     0.245103     -1.22228
   -0.386317     0.217456      -1.2039
   -0.370014      0.19011     -1.18464
   -0.353416     0.163032     -1.16476
   -0.336834     0.135235      -1.1422
   -0.320483     0.108183     -1.12086
   -0.304423     0.081023      -1.0999
   -0.288305    0.0541102     -1.08177
   -0.272454    0.0280965     -1.07054
   -0.256581   0.00235084     -1.06287
   -0.240568   -0.0217354     -1.07473
   -0.225055   -0.0442168     -1.10513
   -0.208123   -0.0684505     -1.13162
   -0.192839   -0.0918342     -1.15696
   -0.176137    -0.115185     -1.17771
   -0.159835    -0.140558     -1.18053
   -0.144034     -0.16683     -1.17298
   -0.127948    -0.192493     -1.16964
   -0.111828    -0.217568     -1.17762
   -0.095982    -0.242865     -1.18394
  -0.0795588    -0.268011     -1.18592
  -0.0635004    -0.293906     -1.17899
  -0.0480904    -0.320174      -1.1622
  -0.0326537    -0.346145     -1.14575
  -0.0173047     -0.37226     -1.13351
 -0.00137652    -0.397539     -1.12683
   0.0146088    -0.422761      -1.1261
   0.0302822    -0.447802     -1.13138
   0.0467569    -0.472908     -1.14196
   0.0628327    -0.498113     -1.15345
   0.0786074    -0.523268     -1.15874
   0.0943738    -0.548264     -1.15408
    0.109427    -0.573673       -1.146
    0.124342    -0.599202     -1.13582
    0.139569    -0.624049      -1.1283
     0.15529    -0.648866     -1.12781
    0.171316    -0.673865     -1.13716
    0.187853    -0.699086     -1.15766
    0.205293    -0.724521     -1.18516
    0.221299    -0.749342     -1.19748
    0.236422    -0.774015     -1.19389
    0.251787    -0.799401     -1.19583
    0.267249     -0.82454     -1.20242
    0.283918    -0.849167     -1.21311
    0.299635     -0.87412     -1.22564
    0.316147    -0.899849     -1.24048
    0.331949    -0.925143     -1.25292
    0.347376    -0.949832     -1.25951
    0.362569    -0.974398       -1.262
    0.377781    -0.998929     -1.26432
    0.392699     -1.02389     -1.26894
    0.408352     -1.04824      -1.2765
    0.424404     -1.07353     -1.29287
    -0.51207     0.485134     -1.38395
   -0.494528     0.454912     -1.34724
   -0.476666      0.42449     -1.31309
   -0.460038     0.396068     -1.28827
   -0.443406     0.368608     -1.26954
   -0.426403     0.340308     -1.25047
   -0.409989     0.313445     -1.23493
   -0.393424     0.285972     -1.21826
   -0.377006     0.259063     -1.20176
   -0.360701     0.231614     -1.18386
   -0.344266      0.20424     -1.16408
    -0.32783     0.176913     -1.14321
   -0.311186     0.149176     -1.12062
   -0.295129     0.122257     -1.10064
   -0.279258    0.0952431     -1.08149
   -0.263171    0.0686189     -1.06613
   -0.247268    0.0430159     -1.05685
   -0.231648    0.0174087     -1.05147
   -0.215874  -0.00620113     -1.06761
    -0.19996   -0.0286647     -1.10077
   -0.182582   -0.0523424     -1.13114
   -0.166474   -0.0749201     -1.15687
   -0.150435    -0.099395       -1.174
    -0.13454    -0.124771     -1.17723
   -0.119024    -0.150898     -1.17169
   -0.102713    -0.176488      -1.1685
  -0.0863502    -0.201521     -1.17322
   -0.070671    -0.227096     -1.17533
  -0.0547162    -0.252604     -1.17183
  -0.0385196     -0.27876      -1.1592
  -0.0234071    -0.304896      -1.1441
 -0.00801908    -0.331008     -1.13018
  0.00790748    -0.356491     -1.12128
   0.0232798    -0.382046     -1.11864
   0.0391963    -0.407231     -1.12027
   0.0553799    -0.431939     -1.12787
   0.0718925    -0.457033     -1.13921
   0.0875661    -0.482371     -1.14491
     0.10289    -0.507686     -1.14022
    0.118527    -0.532551     -1.12858
    0.133447     -0.55815     -1.11799
    0.148041    -0.583416     -1.10708
    0.163285    -0.608449     -1.10041
    0.178826    -0.632916     -1.09976
    0.194708    -0.658038     -1.10926
    0.211042     -0.68333     -1.13226
    0.229256    -0.708725      -1.1662
    0.245704    -0.733195     -1.17657
    0.259264     -0.75813     -1.16317
    0.274178    -0.782748     -1.15946
    0.290647     -0.80746     -1.16704
    0.306366    -0.832899     -1.18198
    0.322334    -0.857635      -1.1983
    0.339646    -0.883352     -1.21604
    0.355047    -0.908547     -1.22902
    0.370545    -0.933151     -1.23508
     0.38548    -0.957569     -1.23563
    0.400284    -0.982027     -1.23551
    0.415042     -1.00647     -1.23748
    0.430404     -1.03097     -1.24352
    0.446528     -1.05569     -1.25743
    0.462861     -1.08141      -1.2815
   -0.485177     0.498342     -1.35759
   -0.468099     0.467766     -1.32224
   -0.450645     0.438099     -1.29062
   -0.433889     0.409527     -1.26705
   -0.417106       0.3827     -1.24954
   -0.400486     0.354342     -1.23164
   -0.384018     0.327679     -1.21687
    -0.36758     0.300194     -1.19983
    -0.35112     0.273215      -1.1832
   -0.334829     0.245833     -1.16516
   -0.318743     0.218308     -1.14501
   -0.302229     0.191078     -1.12359
   -0.286063     0.163349     -1.10181
   -0.270147     0.136426     -1.08291
   -0.254071      0.10972     -1.06529
   -0.238073    0.0833623       -1.052
   -0.222569     0.057545     -1.04297
   -0.206582    0.0321483     -1.03825
   -0.191124   0.00921573     -1.05896
   -0.175103   -0.0132017     -1.09625
   -0.157411   -0.0362531     -1.13184
   -0.141562   -0.0591883     -1.15768
     -0.1259   -0.0836957     -1.17579
   -0.109603     -0.10845     -1.18182
  -0.0931921      -0.1344     -1.17339
  -0.0772104    -0.160439      -1.1678
  -0.0615253    -0.185972     -1.16806
  -0.0454158    -0.211476      -1.1637
  -0.0296219    -0.237541     -1.15349
  -0.0140638    -0.263797     -1.14005
  0.00168669    -0.289511     -1.12731
   0.0169585    -0.315505     -1.11528
   0.0326459    -0.341134     -1.10913
   0.0484455    -0.366273     -1.10944
   0.0642895    -0.391416       -1.115
   0.0806564    -0.416031     -1.12447
    0.096612    -0.441332     -1.13147
    0.112048    -0.466944     -1.12884
    0.127097    -0.492281     -1.11783
     0.14214    -0.517377     -1.10418
    0.157313    -0.542568     -1.09208
    0.171742    -0.567805     -1.07981
    0.187005    -0.592499     -1.07209
    0.202019    -0.617223      -1.0709
    0.218298    -0.642313     -1.08158
    0.234841    -0.667039     -1.10618
    0.253011    -0.692353     -1.14057
    0.267841    -0.717439      -1.1446
    0.281965    -0.741559     -1.12713
    0.296729    -0.766156     -1.12127
    0.312322    -0.790847     -1.12785
    0.328547    -0.816392     -1.14666
    0.345075    -0.841378     -1.16974
    0.362569    -0.867193     -1.19222
     0.37842    -0.891939     -1.20646
    0.393754    -0.916577     -1.21219
    0.408442    -0.941018     -1.21153
    0.422952     -0.96535     -1.21018
     0.43795    -0.989557     -1.21141
    0.452995     -1.01389     -1.21734
    0.468828     -1.03888     -1.23077
     0.48526     -1.06419      -1.2535
    0.503305     -1.09054     -1.28583
   -0.476056     0.541702     -1.37001
   -0.458914     0.511681      -1.3352
   -0.441456     0.481355     -1.30049
   -0.424338     0.451909     -1.27082
   -0.407791     0.423722      -1.2491
   -0.391294     0.396729     -1.23226
   -0.374626     0.368707     -1.21544
   -0.358338     0.341881     -1.20053
   -0.341935     0.314529     -1.18352
   -0.325674     0.287503      -1.1672
   -0.309471     0.260177     -1.14894
    -0.29326     0.232768     -1.12839
    -0.27713     0.205086     -1.10654
   -0.260888     0.177556     -1.08502
   -0.244943     0.150762     -1.06669
   -0.229087     0.124206     -1.05013
   -0.213099    0.0979965     -1.03801
   -0.197599    0.0721541       -1.029
   -0.181645    0.0469987     -1.02647
   -0.165905    0.0246613     -1.04765
   -0.149646   0.00201706     -1.08724
   -0.132235   -0.0204851     -1.12977
   -0.116281   -0.0429309     -1.15786
  -0.0996034   -0.0665689     -1.18055
  -0.0836599   -0.0911246     -1.19133
  -0.0679224    -0.118457     -1.17536
  -0.0523428    -0.144688     -1.16488
  -0.0361556      -0.1702      -1.1578
  -0.0209372    -0.196626     -1.14538
 -0.00512887    -0.222845     -1.13234
   0.0103881    -0.248818     -1.11977
   0.0263103    -0.274451     -1.10728
   0.0417674    -0.300138     -1.09717
    0.057247    -0.325826     -1.09458
   0.0732801    -0.350693     -1.09737
   0.0891339    -0.375682     -1.10322
    0.104935    -0.400682     -1.11049
    0.120949    -0.426156     -1.11514
    0.135991    -0.451696       -1.109
    0.151206    -0.476761     -1.09589
    0.165637    -0.502145     -1.08131
    0.180271    -0.527475     -1.06747
    0.195509    -0.552304     -1.05491
    0.209565    -0.577545     -1.04628
    0.224685    -0.602132     -1.04505
    0.241383    -0.626881     -1.05873
    0.258022    -0.651309     -1.08472
    0.274478    -0.677324     -1.11739
    0.290846    -0.702038     -1.11614
    0.304811    -0.725485     -1.09576
    0.319353    -0.750099     -1.08942
    0.334488    -0.774416     -1.09319
    0.350953    -0.799307     -1.11222
    0.368001     -0.82521     -1.14302
    0.385795    -0.850976     -1.17104
    0.401821    -0.875634     -1.18725
    0.417144    -0.900295     -1.19319
    0.431544    -0.924568     -1.19156
    0.446374    -0.948673     -1.18962
    0.461054    -0.973038     -1.19096
    0.476175    -0.997429     -1.19727
    0.491977     -1.02206     -1.20983
    0.508055      -1.0473     -1.23108
    0.525684     -1.07341     -1.26347
   -0.449641      0.55524     -1.34804
   -0.432299     0.525497     -1.31544
   -0.415491     0.495189     -1.28228
   -0.398368     0.466372     -1.25476
    -0.38203     0.438122     -1.23396
   -0.365722     0.410953     -1.21726
   -0.348847     0.383171     -1.20085
   -0.332564     0.356522     -1.18622
   -0.316435     0.328985     -1.16913
   -0.300139     0.302067     -1.15277
   -0.283987      0.27462     -1.13386
   -0.267864     0.247148     -1.11315
   -0.251921     0.219432     -1.09141
   -0.235755     0.192041     -1.07043
   -0.220038      0.16535     -1.05295
   -0.204062     0.138867     -1.03707
   -0.188158     0.112652     -1.02503
   -0.172625    0.0868907     -1.01707
   -0.156733    0.0623379     -1.01909
   -0.140983    0.0396697     -1.03753
   -0.124145     0.017061     -1.07529
   -0.106884  -0.00471304      -1.1235
  -0.0911183   -0.0272378     -1.15464
  -0.0744328    -0.050831     -1.17737
  -0.0579817   -0.0748305     -1.18946
  -0.0425568    -0.102446     -1.17245
  -0.0266664    -0.128605      -1.1568
  -0.0115853    -0.155519     -1.13883
  0.00379719      -0.1819     -1.11944
   0.0195898    -0.208143     -1.10342
   0.0347321     -0.23439     -1.08894
   0.0499827    -0.260158     -1.07655
   0.0655333    -0.285768     -1.07015
   0.0811124    -0.310985     -1.06489
    0.095845    -0.336637     -1.04145
    0.110195    -0.362857     -1.02317
    0.125928    -0.387633     -1.03168
    0.143066    -0.411979     -1.06103
    0.159949      -0.4366     -1.08032
    0.174643    -0.461646     -1.07283
    0.189467    -0.486754     -1.05622
    0.203946    -0.512067     -1.04102
    0.218751     -0.53696     -1.02995
    0.233522    -0.561696     -1.02273
    0.248497    -0.586492     -1.02341
    0.265003    -0.611046     -1.03766
    0.281281    -0.634302     -1.06354
     0.29961    -0.659586     -1.10027
    0.316306    -0.687759     -1.10155
    0.328092    -0.709793     -1.07495
    0.342212    -0.734195     -1.06541
    0.357257    -0.758513     -1.06714
    0.372975     -0.78306     -1.08396
    0.391404    -0.809151     -1.12004
     0.40954    -0.834744     -1.15501
    0.425652    -0.859634      -1.1733
    0.440848    -0.884285     -1.17914
     0.45505    -0.908488     -1.17595
    0.469541    -0.932672     -1.17291
    0.483974    -0.956863     -1.17373
    0.499127    -0.981289     -1.18074
    0.514894     -1.00579     -1.19335
     0.53127     -1.03109     -1.21428
    0.548303      -1.0569     -1.24445
    0.567805      -1.0834     -1.28362
   -0.440452      0.60026     -1.36349
   -0.423595     0.569249     -1.32897
   -0.406551     0.539636     -1.29914
   -0.389434     0.509546     -1.26727
   -0.372752      0.48072     -1.24089
   -0.356276     0.452559     -1.22047
   -0.339853       0.4255      -1.2038
   -0.323299     0.397715     -1.18762
   -0.307281     0.371037     -1.17351
   -0.291194      0.34369     -1.15694
   -0.274979      0.31661     -1.13998
   -0.258639      0.28915     -1.12002
   -0.242568      0.26177     -1.09946
   -0.226743     0.234094     -1.07836
   -0.210759     0.206694     -1.05786
    -0.19491     0.180044     -1.04068
    -0.17938     0.153572     -1.02605
   -0.163588     0.127421      -1.0155
   -0.147888     0.101969     -1.00919
   -0.131989    0.0774296     -1.01178
    -0.11626    0.0541852     -1.02638
   -0.099546     0.031628     -1.06143
  -0.0824075    0.0104456     -1.11161
  -0.0660671   -0.0117948     -1.14693
  -0.0495208   -0.0357254     -1.16656
  -0.0332818   -0.0606153     -1.17094
  -0.0175806   -0.0871746     -1.15619
 -0.00241418    -0.114318     -1.13254
   0.0125898    -0.141568     -1.10335
   0.0276972    -0.168372     -1.07754
   0.0429925    -0.194974     -1.05708
   0.0579145    -0.221097     -1.04182
   0.0731886    -0.246641     -1.03055
   0.0885226    -0.271849     -1.01914
    0.102216    -0.298816    -0.979429
    0.114839    -0.326297    -0.929376
    0.129888    -0.351231    -0.921646
    0.146575    -0.375188    -0.952113
    0.164766    -0.397942      -1.0026
    0.183351    -0.421225     -1.04368
    0.198339    -0.446273     -1.04427
    0.212698    -0.471661     -1.02781
    0.227393    -0.496819     -1.01451
    0.241978    -0.521627     -1.00592
    0.256874     -0.54632     -1.00179
    0.271792    -0.571469     -1.00543
    0.288035    -0.595673     -1.01896
    0.305448    -0.619976     -1.04623
    0.325895    -0.644848      -1.0982
    0.340518    -0.669478     -1.10244
     0.35132    -0.694305      -1.0616
    0.365332     -0.71874     -1.04845
    0.380362    -0.742917     -1.04919
    0.395689    -0.767536     -1.06413
    0.414846    -0.793113     -1.10215
    0.433638    -0.818836     -1.14439
    0.449914      -0.8437     -1.16409
    0.464576    -0.868324     -1.16687
    0.478498    -0.892439     -1.16191
    0.493224    -0.916636     -1.15945
    0.507887    -0.940636      -1.1607
    0.522605    -0.965245     -1.16746
    0.538256    -0.989715     -1.17998
    0.554898     -1.01485     -1.20083
    0.572062     -1.04036     -1.22955
    0.590911     -1.06683     -1.27045
   -0.414377     0.612889     -1.34228
   -0.397219     0.583177     -1.31076
   -0.380576     0.553531     -1.28266
   -0.363663     0.523974      -1.2534
   -0.347259     0.495262      -1.2286
   -0.330653     0.467317     -1.20833
   -0.314429     0.440131     -1.19175
   -0.297862     0.412661     -1.17618
   -0.281843     0.385772     -1.16191
   -0.265776     0.358679     -1.14596
    -0.24951     0.331403     -1.12863
   -0.233617     0.303684     -1.10807
   -0.217606     0.276369     -1.08774
   -0.201542     0.248988     -1.06719
   -0.185747     0.221545     -1.04727
   -0.170036     0.194787     -1.03019
   -0.154439       0.1685     -1.01678
   -0.138658     0.142784     -1.00894
   -0.123037      0.11741     -1.00411
   -0.107214    0.0927108     -1.00603
  -0.0914102    0.0692179     -1.01713
  -0.0744559     0.046034     -1.04452
  -0.0575714    0.0247901      -1.0886
  -0.0407561   0.00328402     -1.12887
  -0.0240646    -0.020326      -1.1486
 -0.00839877   -0.0460669     -1.14529
  0.00674984   -0.0732405     -1.12155
   0.0211447    -0.101709     -1.08224
   0.0357556    -0.129643     -1.04401
   0.0507061    -0.156355     -1.01843
    0.065892    -0.182418      -0.9964
   0.0804201    -0.208594    -0.972511
   0.0945611    -0.235134    -0.948648
    0.108061    -0.261864    -0.918127
    0.121656    -0.288567    -0.876741
    0.136257    -0.313406    -0.859863
    0.152218    -0.337271    -0.875637
    0.170591    -0.360181    -0.918497
    0.189473     -0.38244    -0.981351
    0.206563    -0.406493     -1.01477
    0.221359    -0.431548     -1.01315
    0.236043    -0.456534     -1.00093
    0.250794    -0.481674     -0.99272
    0.265313     -0.50647     -0.98751
     0.28009     -0.53117    -0.984744
    0.295261    -0.556099    -0.988763
     0.31142     -0.58042     -1.00146
    0.328097    -0.605008     -1.02815
    0.348819    -0.630081     -1.08933
    0.364642    -0.654297     -1.10079
     0.37544    -0.678828     -1.05576
    0.389415    -0.703119     -1.03936
     0.40382    -0.727578     -1.03861
     0.41949    -0.751724     -1.05127
    0.438097    -0.777649     -1.09055
     0.45806    -0.803262     -1.13916
    0.474519     -0.82802     -1.15904
    0.488623    -0.852369     -1.15742
    0.502269    -0.876672     -1.15152
    0.516851    -0.900904     -1.14958
    0.531447    -0.924948     -1.15104
    0.546422    -0.949443     -1.15784
    0.561945    -0.973835     -1.17008
    0.578573     -0.99898     -1.19086
    0.595995     -1.02443     -1.21963
    0.614489     -1.05083      -1.2613
   -0.405615     0.657607     -1.35113
   -0.387978     0.627072     -1.32594
   -0.371107     0.597613     -1.29601
   -0.354585     0.567987     -1.26866
   -0.337911     0.538618     -1.24106
   -0.321532     0.510122     -1.21721
   -0.305261      0.48201     -1.19706
   -0.288905     0.454852     -1.18036
   -0.272548     0.427268     -1.16504
   -0.256558       0.4004     -1.15067
    -0.24043     0.373372     -1.13506
    -0.22417     0.346358     -1.11846
   -0.208444     0.318635     -1.09877
   -0.192658     0.291353     -1.07919
   -0.176639     0.263979     -1.05944
   -0.160771     0.236805     -1.04061
   -0.145251     0.210074     -1.02427
    -0.12976     0.183735     -1.01125
   -0.113682     0.158201     -1.00396
  -0.0982512      0.13285     -1.00008
  -0.0826229     0.108084      -1.0017
  -0.0668793    0.0843453     -1.00967
  -0.0498803    0.0601276     -1.02797
  -0.0336077    0.0377548     -1.05699
  -0.0164633    0.0160501     -1.08859
-0.000244732  -0.00781604     -1.10265
   0.0148868   -0.0343432     -1.08927
   0.0294189   -0.0629803     -1.04911
   0.0435163   -0.0917735      -1.0047
   0.0579314    -0.118596    -0.975478
    0.072986    -0.144673    -0.953418
   0.0872712    -0.171423    -0.923086
    0.100673    -0.198781    -0.885697
    0.114905     -0.22493    -0.856701
    0.128797    -0.250518    -0.833928
    0.143108    -0.275779    -0.817792
    0.158474    -0.299675      -0.8191
    0.174924    -0.323238     -0.83801
    0.192203    -0.346293    -0.874364
    0.211276    -0.368608    -0.944024
    0.229166    -0.391951    -0.984364
    0.244023    -0.416891    -0.985992
    0.259372    -0.441563    -0.981132
    0.274511     -0.46633    -0.978659
    0.289364    -0.491121    -0.977744
    0.304054    -0.515789    -0.975188
       0.319    -0.540782    -0.976567
    0.335071    -0.564897    -0.987186
    0.352048    -0.589325     -1.01301
    0.372931    -0.614271     -1.07533
    0.390572    -0.638598     -1.10321
    0.400117      -0.6634     -1.05751
    0.413645    -0.687791     -1.03539
    0.428127    -0.712138     -1.03334
    0.443617    -0.736221     -1.04359
    0.462227    -0.761873     -1.08325
    0.482734    -0.787914     -1.13733
    0.498938    -0.812612      -1.1566
    0.512862    -0.836628     -1.15158
    0.526465    -0.860962     -1.14473
    0.540989    -0.885297     -1.14306
    0.555599    -0.909372     -1.14483
    0.570433     -0.93385     -1.15155
    0.586151    -0.958108     -1.16346
    0.602345    -0.983358     -1.18377
    0.619941     -1.00863     -1.21258
     0.63907     -1.03478     -1.25456
   -0.379352     0.672018     -1.33796
   -0.362147     0.641194     -1.31215
   -0.345531     0.612186     -1.28378
   -0.328965      0.58257     -1.25672
    -0.31202     0.553355     -1.22968
   -0.295809      0.52493     -1.20628
   -0.279482     0.496995     -1.18644
   -0.263462     0.469563     -1.16989
   -0.247112      0.44218     -1.15496
   -0.231025     0.415559      -1.1412
   -0.215121     0.388409     -1.12581
   -0.199004     0.361389     -1.11015
   -0.183341     0.333893     -1.09196
   -0.167493     0.306682     -1.07342
   -0.151769      0.27947     -1.05559
   -0.135857     0.252576     -1.03825
   -0.120376     0.225782     -1.02216
   -0.104776     0.199429     -1.00865
  -0.0890544     0.173638     -1.00064
  -0.0734434     0.148336    -0.996261
  -0.0576093     0.123536    -0.996681
   -0.042131     0.099659     -1.00196
  -0.0254793    0.0747515     -1.01437
 -0.00933853    0.0513132     -1.02963
  0.00673818    0.0275092     -1.04065
   0.0222147   0.00184293       -1.036
   0.0369579   -0.0256381     -1.01005
   0.0515004   -0.0536076    -0.971496
   0.0659734   -0.0804784    -0.941201
   0.0800172    -0.107043    -0.919749
   0.0946252    -0.133318    -0.895768
    0.108646    -0.159976    -0.864167
    0.122496    -0.186646    -0.832527
    0.136953    -0.212025     -0.81029
    0.151139    -0.237181    -0.793583
    0.165705    -0.261829    -0.784008
    0.181052     -0.28589    -0.788348
    0.197051     -0.30958    -0.804844
    0.213612     -0.33247    -0.833188
    0.231776    -0.355393    -0.887758
    0.252058    -0.377778    -0.946815
    0.267668    -0.401759    -0.968212
    0.283079    -0.426473    -0.972151
    0.298679    -0.451117    -0.975375
    0.313923    -0.475742    -0.978416
    0.328719    -0.500282     -0.97611
    0.343433    -0.525159    -0.970908
    0.358745    -0.549665    -0.975801
    0.374586    -0.574043    -0.992299
    0.395095     -0.59834     -1.05096
    0.416754    -0.623132     -1.10773
     0.42549    -0.647616     -1.06199
    0.437713    -0.672519     -1.03263
    0.452526    -0.696684     -1.03036
    0.467694    -0.720895     -1.03949
      0.4862    -0.746357     -1.07715
    0.507395    -0.772298      -1.1347
    0.524253    -0.796866     -1.15569
    0.537548    -0.821134     -1.14907
    0.551138    -0.845252     -1.14111
     0.56576    -0.869517     -1.13933
    0.580049     -0.89376     -1.14106
    0.594967    -0.918182     -1.14772
    0.610273    -0.942637      -1.1595
    0.626687    -0.967795     -1.17953
    0.643998    -0.993008     -1.20779
    0.663393     -1.01905      -1.2501
   -0.353378     0.687139     -1.32964
    -0.33652     0.655875     -1.30135
    -0.31959     0.627124     -1.27362
   -0.303098     0.597358     -1.24579
   -0.286548     0.568172      -1.2196
    -0.27045     0.539962      -1.1974
   -0.254278     0.511986     -1.17812
   -0.238186     0.484536     -1.16188
   -0.221897     0.457193     -1.14699
   -0.205893     0.430591     -1.13345
   -0.190141     0.403414     -1.11844
   -0.174069     0.376501     -1.10368
    -0.15814      0.34932     -1.08675
   -0.142311     0.322523     -1.07035
   -0.126725     0.295465     -1.05435
   -0.111099     0.268328     -1.03749
  -0.0955336     0.241515     -1.02086
    -0.07986      0.21506     -1.00641
  -0.0642398     0.189095    -0.997414
  -0.0485048     0.163875    -0.992549
  -0.0327564     0.139043    -0.991437
  -0.0174141     0.114769    -0.994007
-0.000730851    0.0896392     -1.00289
   0.0153357    0.0657157     -1.00997
    0.030738    0.0407498     -1.00886
    0.045578      0.01406    -0.992848
   0.0603161    -0.013242    -0.965916
    0.074895   -0.0402243    -0.937089
   0.0894237   -0.0667199    -0.912663
    0.103642   -0.0934535     -0.88912
    0.117697    -0.119929      -0.8622
    0.131804    -0.146324    -0.832719
    0.145928    -0.172499    -0.806714
    0.160066    -0.198051    -0.786511
    0.174226     -0.22312    -0.771658
    0.188779    -0.247476    -0.764233
    0.203876    -0.271867    -0.768118
    0.219744    -0.295355    -0.781158
    0.235863    -0.318723    -0.802822
    0.252899    -0.341678    -0.841206
    0.273279    -0.363703    -0.904202
    0.292023    -0.386353    -0.954875
    0.308236    -0.410681    -0.971177
    0.323904    -0.435369    -0.978379
    0.339151    -0.460094    -0.983026
    0.353972    -0.484768    -0.980703
    0.368103    -0.509629    -0.969559
    0.383019    -0.534176    -0.969018
    0.399151    -0.558697    -0.988419
    0.419831    -0.583394     -1.04971
    0.441253    -0.607672     -1.10471
    0.450027    -0.632219     -1.06101
     0.46229    -0.656931     -1.03023
    0.477004    -0.681136     -1.02783
    0.491794    -0.705605      -1.0366
    0.510394    -0.730945     -1.07246
    0.532031    -0.756609     -1.13046
    0.549071    -0.781334     -1.15503
    0.562734    -0.805607     -1.14995
    0.575924    -0.829708     -1.14109
    0.590091    -0.854246     -1.13856
    0.604349    -0.878512     -1.13973
    0.619642    -0.902669     -1.14628
    0.635091    -0.927114     -1.15816
    0.651319    -0.952331     -1.17829
    0.668776    -0.977735     -1.20691
    0.688105     -1.00345     -1.24901
   -0.327517     0.702885     -1.32584
   -0.310828     0.671161     -1.29402
    -0.29395     0.642379     -1.26621
   -0.277485     0.612656     -1.23841
   -0.261198     0.583291     -1.21223
   -0.245006     0.555168     -1.19064
   -0.228845     0.527447     -1.17241
   -0.212729     0.500104     -1.15654
   -0.196544     0.472687     -1.14162
   -0.180717     0.446097     -1.12848
    -0.16489     0.418992     -1.11393
   -0.148939     0.392197     -1.09981
   -0.133056     0.364951     -1.08311
   -0.117298     0.338166     -1.06762
   -0.101715     0.311263     -1.05269
  -0.0860561     0.284221     -1.03628
  -0.0704871     0.257351     -1.01926
  -0.0551786     0.230646     -1.00439
  -0.0393814     0.204635    -0.994138
   -0.023786     0.179257    -0.988356
  -0.0082759     0.154039    -0.985899
  0.00710524     0.129817    -0.987041
    0.023861     0.104566    -0.993939
    0.039894    0.0805436    -0.997996
   0.0549334    0.0550703    -0.993009
   0.0698282    0.0285112    -0.975522
   0.0845521   0.00138007    -0.950733
   0.0990445   -0.0254954     -0.92512
    0.113555    -0.051827     -0.90247
    0.127991    -0.078523    -0.877678
    0.141628    -0.105315    -0.848498
    0.155468     -0.13188    -0.819438
    0.169426    -0.157965    -0.795125
     0.18361    -0.183425    -0.775791
    0.197782    -0.208478    -0.761606
     0.21236    -0.232733    -0.755536
    0.227463    -0.257042    -0.759209
     0.24316    -0.280662    -0.770311
    0.259247    -0.303991    -0.790475
    0.276183     -0.32687      -0.8255
    0.296077    -0.349093    -0.886202
    0.316058    -0.371157    -0.946244
    0.332748    -0.395317    -0.967372
    0.348239    -0.420008    -0.975124
    0.363862    -0.444494    -0.979365
    0.378611    -0.469244    -0.976576
    0.392395    -0.494241     -0.96583
    0.407232    -0.518827    -0.966058
    0.423981    -0.543004    -0.986076
    0.443057    -0.568009     -1.03975
    0.465234    -0.591667     -1.09423
    0.474836    -0.616854     -1.05843
    0.486957    -0.641438     -1.02869
    0.501467     -0.66581     -1.02539
     0.51636    -0.690031     -1.03376
    0.534974    -0.715422     -1.06941
     0.55675    -0.740861     -1.12615
    0.573896    -0.765817     -1.15437
    0.588074    -0.790261     -1.15449
     0.60162    -0.814332      -1.1468
    0.615618    -0.838836     -1.14328
    0.629631    -0.863018     -1.14271
    0.644549    -0.887287     -1.14792
    0.660082    -0.911732     -1.15961
    0.676301    -0.936895     -1.17951
    0.693699    -0.962375     -1.20841
    0.713305    -0.988165     -1.25043
   -0.317204     0.740214     -1.29709
   -0.301704     0.719026     -1.31923
   -0.284971     0.686848     -1.28946
   -0.268576     0.658121     -1.26214
   -0.252219     0.628339     -1.23463
    -0.23564     0.599087     -1.20841
   -0.219447     0.571074     -1.18694
   -0.203525     0.543241     -1.16911
   -0.187355     0.515905     -1.15307
   -0.171159     0.488497     -1.13836
   -0.155419     0.462085     -1.12601
   -0.139558     0.434867     -1.11131
   -0.123824     0.407798     -1.09679
      -0.108     0.380761     -1.08094
  -0.0923343     0.353966     -1.06575
  -0.0768129     0.326902     -1.05038
  -0.0611097     0.299831     -1.03386
  -0.0455499     0.273033     -1.01741
  -0.0300839      0.24667     -1.00336
  -0.0145735     0.220175    -0.992144
 0.000957394     0.194697     -0.98544
   0.0165423     0.169602     -0.98344
    0.031925     0.145398    -0.985028
   0.0486141     0.120076    -0.991285
   0.0642948    0.0958164    -0.995239
   0.0796747    0.0705756    -0.989994
   0.0944853    0.0440922    -0.973287
    0.109225    0.0168812    -0.948902
    0.123717   -0.0100053    -0.923881
     0.13809    -0.036209    -0.902886
    0.152495    -0.062727    -0.880162
    0.165988   -0.0898738    -0.851359
    0.179738    -0.116599    -0.820953
    0.193272    -0.142859    -0.794475
    0.207431    -0.168393    -0.774911
    0.221916    -0.193228     -0.76134
    0.236229    -0.217551    -0.755653
    0.251523    -0.241823    -0.759625
    0.267062    -0.265606    -0.771008
    0.283426    -0.288799    -0.791239
    0.300244    -0.311717    -0.829989
     0.32138    -0.333443    -0.894577
    0.340268    -0.355774    -0.944011
    0.356097    -0.380361    -0.958201
    0.371821    -0.404814    -0.963768
    0.387243    -0.429394    -0.967353
     0.40189     -0.45411    -0.965247
    0.416233    -0.478952    -0.960174
    0.431959    -0.503489     -0.96573
    0.448339    -0.527737    -0.983336
    0.466931    -0.552218     -1.02703
     0.49057    -0.575867     -1.09222
    0.499855    -0.601345     -1.06213
    0.511611    -0.625987     -1.02963
    0.526206    -0.650371     -1.02474
    0.541264     -0.67443      -1.0324
     0.55921    -0.699869     -1.06489
    0.580619    -0.725018     -1.11868
    0.598691    -0.750248     -1.15266
    0.613741    -0.774981     -1.16061
    0.627593    -0.799152     -1.15615
    0.641713    -0.823543     -1.15223
    0.655588    -0.847923     -1.15097
    0.670202    -0.872217     -1.15481
    0.685425    -0.896723     -1.16517
    0.701871    -0.921628     -1.18471
    0.719299    -0.947268     -1.21364
    0.738421    -0.973079     -1.25388
   -0.275643     0.735077     -1.31346
   -0.259436     0.703004     -1.28762
   -0.242979     0.674679     -1.26145
   -0.226442     0.644694     -1.23353
   -0.210323     0.615144     -1.20682
   -0.194096     0.587065     -1.18524
   -0.178342      0.55912     -1.16727
    -0.16235     0.531697     -1.15118
      -0.146     0.504444     -1.13652
   -0.130337     0.477758     -1.12357
   -0.114476     0.450625      -1.1087
  -0.0986125      0.42366     -1.09447
   -0.082947     0.396561     -1.07917
  -0.0672686     0.369851     -1.06427
  -0.0516941     0.342721     -1.04866
  -0.0360444     0.315636     -1.03217
  -0.0207347     0.288764     -1.01604
 -0.00520325     0.262469     -1.00295
   0.0103649     0.236357    -0.993275
   0.0258028     0.210746    -0.987526
   0.0415199     0.185999    -0.987291
    0.056999     0.161783    -0.989966
   0.0735984     0.136441    -0.996832
   0.0896074      0.11226     -1.00252
    0.105006     0.087322    -0.999767
     0.12011    0.0610304     -0.98548
    0.134549    0.0336337    -0.962213
    0.149139   0.00664484    -0.936741
    0.163424   -0.0196302    -0.916579
    0.178081   -0.0455944    -0.898082
    0.192005   -0.0725221    -0.873212
     0.20514   -0.0996165    -0.839992
    0.218424    -0.126663     -0.80711
    0.232519    -0.152437    -0.784911
    0.246422     -0.17756    -0.770272
    0.260755    -0.202056    -0.763634
    0.276004    -0.226226    -0.767873
    0.292011    -0.249824    -0.780615
    0.307831    -0.272971    -0.805594
    0.328298    -0.294809    -0.866088
    0.348888    -0.316183    -0.928406
    0.365239    -0.340041    -0.952392
    0.380697    -0.364853    -0.957703
    0.395698    -0.389653    -0.959245
    0.411033    -0.414334     -0.96037
    0.425913     -0.43885    -0.959173
    0.441043    -0.463519    -0.960295
    0.457195     -0.48773    -0.969668
    0.473054    -0.512254    -0.982596
    0.488543    -0.537219     -1.00665
    0.516725    -0.560395     -1.09643
    0.525941    -0.585685     -1.07338
    0.536669    -0.610473     -1.03435
    0.550782    -0.635272     -1.02775
    0.565819    -0.659405     -1.03483
    0.583727    -0.684484     -1.06471
    0.604975    -0.709353     -1.11436
    0.623513    -0.734678      -1.1518
    0.639738    -0.759439     -1.16678
    0.654278    -0.783768     -1.16712
    0.667979    -0.808355     -1.16388
      0.6817    -0.832914     -1.16224
    0.696225    -0.857163     -1.16482
    0.711602    -0.881572     -1.17428
    0.727967    -0.906527     -1.19332
    0.745438    -0.932105      -1.2219
    0.764675    -0.957898     -1.26019
    -0.25029     0.750722     -1.31358
   -0.233629     0.719648     -1.28812
     -0.2171     0.691196     -1.26174
   -0.200888     0.661138     -1.23389
   -0.184807     0.631585     -1.20706
   -0.168788     0.603194     -1.18474
   -0.152818     0.575543     -1.16672
   -0.136765      0.54805     -1.15051
   -0.120781     0.520487     -1.13528
   -0.105076     0.493572     -1.12138
  -0.0892637     0.466437     -1.10663
  -0.0734115     0.439607     -1.09324
   -0.057813     0.412562     -1.07831
  -0.0422632     0.385671     -1.06274
  -0.0267443     0.358448     -1.04641
  -0.0113015     0.331168     -1.02974
  0.00411545     0.304462     -1.01377
    0.019656     0.278154     -1.00108
   0.0352532     0.252246    -0.993741
    0.050901     0.227144     -0.99066
    0.066806     0.202482    -0.991802
    0.082408      0.17836    -0.996273
    0.098997     0.153624     -1.00598
    0.115327     0.129615     -1.01682
    0.131426     0.105625     -1.02379
    0.146688    0.0800193     -1.02214
    0.161673    0.0534083     -1.00702
     0.17603     0.025746    -0.979316
    0.189887  -0.00148959    -0.952281
    0.204668   -0.0273454      -0.9333
    0.219101   -0.0537243    -0.914365
    0.232706   -0.0805102    -0.884624
    0.245173    -0.108627    -0.845448
    0.258275    -0.135301    -0.814882
    0.271878    -0.160926    -0.794364
     0.28607    -0.185944    -0.783017
    0.301557    -0.209736    -0.786245
    0.317517    -0.233617    -0.802631
     0.33488    -0.256148    -0.843274
    0.357892     -0.27665    -0.918495
    0.375115    -0.299491    -0.958116
    0.391453    -0.323991    -0.969271
    0.406853    -0.348623    -0.970904
     0.42156    -0.373724    -0.968902
    0.436476    -0.398497    -0.966869
    0.451019    -0.423208    -0.965242
    0.466364    -0.447974    -0.967395
    0.482265    -0.472414    -0.977532
     0.49883    -0.496302    -0.989213
    0.513165    -0.521481     -1.00461
    0.542357    -0.544812     -1.10023
    0.552451     -0.56979     -1.08417
    0.562915    -0.594828     -1.04372
     0.57677    -0.619471     -1.03655
      0.5915    -0.644018     -1.04363
    0.609295    -0.669093     -1.07227
      0.6299    -0.694086     -1.11712
    0.648784    -0.718967     -1.15384
    0.665355    -0.743962     -1.17304
    0.680431    -0.768523     -1.17796
    0.694532    -0.793104     -1.17668
    0.708366    -0.817731     -1.17522
    0.722642    -0.842169     -1.17699
    0.737797    -0.866663     -1.18628
    0.754253    -0.891541     -1.20508
    0.772088    -0.917042     -1.23345
    0.791566    -0.942621     -1.27046
   -0.223889     0.768141     -1.31817
   -0.207645      0.73742     -1.29173
   -0.191418     0.708181     -1.26443
   -0.175396     0.678008     -1.23639
   -0.159124      0.64855     -1.20921
   -0.143291     0.619758       -1.186
    -0.12755     0.591654     -1.16701
   -0.111674     0.564262     -1.15063
  -0.0955436     0.536554     -1.13525
  -0.0796955     0.509992     -1.12195
  -0.0639953     0.482644     -1.10698
  -0.0483493     0.455811     -1.09387
  -0.0326626     0.428807     -1.07897
  -0.0170957     0.401542     -1.06182
 -0.00158294     0.374217     -1.04406
   0.0136984     0.346761     -1.02634
   0.0289579     0.319746     -1.00977
   0.0443839      0.29348    -0.997518
    0.060093     0.267935    -0.991677
   0.0757732      0.24279    -0.989155
   0.0917467     0.218135    -0.990556
    0.107594     0.194421    -0.997389
    0.124146     0.170392     -1.01207
    0.141011     0.147126      -1.0337
    0.158313     0.125048     -1.06071
    0.175628      0.10241     -1.08232
    0.191772    0.0775996     -1.08549
     0.20676    0.0506417      -1.0651
    0.219509    0.0210849      -1.0268
    0.232811  -0.00714845    -0.992067
    0.247293   -0.0337623    -0.970014
    0.261606    -0.059913    -0.949702
    0.274956   -0.0869847     -0.92069
    0.287691    -0.114655    -0.888875
     0.30035    -0.141816    -0.856307
    0.312964    -0.168578    -0.823927
    0.327603    -0.192948     -0.81605
    0.343957    -0.216578    -0.833932
    0.363325     -0.23859    -0.881237
    0.384766    -0.259171    -0.945577
    0.401964    -0.282935    -0.980089
    0.419524    -0.306878    -0.997585
    0.434031     -0.33182    -0.995222
    0.448017    -0.357427    -0.989125
      0.4627      -0.3824    -0.984185
    0.477519    -0.407199    -0.980843
    0.492298    -0.432161    -0.980257
     0.50806    -0.456649     -0.98837
     0.52464    -0.480801     -1.00525
    0.542124    -0.505379     -1.03377
     0.56518    -0.529374      -1.0943
    0.577494    -0.554574     -1.08624
    0.588954    -0.579488     -1.05788
    0.602493    -0.604474     -1.05211
    0.617946    -0.628841     -1.06041
    0.636137    -0.653429     -1.08765
     0.65574    -0.679005     -1.12814
    0.674524    -0.703624     -1.16231
    0.691668    -0.728416     -1.18244
    0.706815    -0.753468     -1.19027
    0.721199    -0.777988     -1.19047
    0.735307    -0.802518     -1.18978
     0.74978    -0.827044     -1.19262
    0.765243    -0.851624     -1.20263
    0.781023    -0.876793     -1.22118
    0.799275    -0.902152      -1.2498
    0.818727    -0.928029      -1.2876
   -0.198334     0.785027     -1.32326
   -0.181881      0.75479     -1.29655
    -0.16582     0.725079     -1.26833
   -0.149909     0.695022     -1.24041
    -0.13375      0.66532     -1.21246
   -0.117863     0.636459     -1.18856
   -0.101939      0.60838     -1.16892
  -0.0861517     0.580968     -1.15256
  -0.0701297     0.553153     -1.13742
  -0.0542499     0.526664     -1.12477
  -0.0387179     0.499287     -1.11007
  -0.0230144     0.472407     -1.09664
  -0.0072979     0.445233     -1.08076
  0.00801859     0.417802     -1.06276
   0.0236016     0.390271     -1.04412
   0.0388267     0.362666     -1.02529
   0.0538258     0.335522     -1.00836
   0.0692553      0.30909    -0.995639
   0.0849429     0.283586    -0.989877
    0.100537     0.258377    -0.987316
    0.116423     0.233741    -0.988614
    0.132173     0.209824    -0.996402
    0.148959     0.186514     -1.01548
    0.166515     0.164349     -1.05108
    0.185565     0.144828     -1.09435
    0.203615     0.122818     -1.12452
    0.219739     0.098047     -1.13329
    0.235156    0.0715458      -1.1228
     0.24926    0.0436604     -1.09695
     0.26268     0.015052     -1.06106
    0.276259    -0.012901     -1.03048
    0.290362   -0.0401045     -1.00928
    0.304639   -0.0663617    -0.992978
    0.319629   -0.0919861     -0.97932
    0.334575    -0.117532     -0.96192
    0.345185    -0.146467    -0.917276
    0.355897    -0.174813     -0.87212
    0.371195    -0.199422     -0.86877
    0.389492    -0.222293    -0.900661
     0.40799    -0.244238    -0.949113
    0.428231     -0.26676      -1.0005
     0.44676    -0.289877      -1.0276
    0.460975    -0.315358     -1.02209
    0.475164     -0.34103      -1.0126
    0.489334     -0.36633     -1.00503
    0.504043    -0.391135    -0.999422
    0.519051    -0.415849     -0.99644
    0.534275      -0.4408      -1.0023
     0.55046    -0.465322     -1.01976
    0.568878    -0.488882     -1.05053
    0.589055    -0.513342      -1.0903
     0.60466    -0.538785     -1.09771
    0.616764    -0.563688     -1.08196
    0.630551    -0.588513     -1.07646
    0.646409    -0.613021     -1.08723
    0.663778    -0.637971     -1.11325
    0.683423    -0.663519     -1.14814
    0.701869    -0.687927     -1.17781
    0.718473    -0.713038      -1.1958
    0.734026    -0.737866     -1.20424
    0.747989    -0.762913     -1.20648
    0.762787    -0.787552     -1.20854
    0.777512    -0.812052     -1.21295
    0.792886    -0.836822     -1.22332
    0.809219     -0.86188     -1.24216
    0.827419    -0.887561     -1.27231
   -0.172558     0.802898      -1.3308
   -0.156262     0.773153     -1.30533
   -0.140078     0.742518     -1.27441
   -0.124247     0.712336     -1.24593
   -0.108228     0.682661     -1.21784
  -0.0924087     0.653432     -1.19287
  -0.0765291     0.625134     -1.17259
  -0.0605487     0.597833     -1.15632
  -0.0446696     0.570092     -1.14164
  -0.0289216     0.543394     -1.12914
  -0.0132251     0.516249     -1.11469
  0.00247085      0.48921     -1.10042
   0.0178776     0.461661     -1.08344
   0.0331703     0.434037     -1.06494
   0.0483755     0.406421     -1.04666
    0.063767     0.378866     -1.02795
   0.0790182     0.351823     -1.01083
   0.0944166      0.32542    -0.997623
    0.109925     0.299479    -0.990037
     0.12548     0.274324    -0.986793
    0.141252      0.24948    -0.987905
    0.157193      0.22593    -0.997311
    0.174247     0.202953     -1.02087
    0.193031     0.182016     -1.06539
    0.211178     0.162176     -1.10976
    0.229243     0.139578     -1.13667
    0.245669     0.114946     -1.14775
     0.26134     0.088937       -1.142
    0.276039    0.0617712     -1.12483
    0.290463      0.03427     -1.10173
    0.304296   0.00663163     -1.07549
    0.318881   -0.0203217     -1.05566
     0.33347   -0.0467921     -1.04073
    0.348222   -0.0728105     -1.03043
    0.363399    -0.098437      -1.0251
    0.379059    -0.123511     -1.01682
    0.391515    -0.150751     -0.98534
     0.40392    -0.177979    -0.961849
    0.419391    -0.202991    -0.967599
    0.436954    -0.226723    -0.997038
    0.458245    -0.248196     -1.04287
    0.473906     -0.27301     -1.05385
    0.487998    -0.298876     -1.04545
    0.502258    -0.324436     -1.03604
    0.517113    -0.349624     -1.02763
    0.531421    -0.374733     -1.02055
    0.545339    -0.400021     -1.01687
    0.560986    -0.424938     -1.02122
    0.577444    -0.449204     -1.03577
    0.596109    -0.473282     -1.06653
    0.616554    -0.497659     -1.10893
    0.632905    -0.522578     -1.12735
    0.645897    -0.547618     -1.11566
    0.659272    -0.572819     -1.11053
    0.676378    -0.597579     -1.12412
    0.693973    -0.621949     -1.14724
     0.71193    -0.647654     -1.17378
    0.729235    -0.672785     -1.19727
    0.745765    -0.697552     -1.21273
    0.761307    -0.722504     -1.22163
    0.775841     -0.74748     -1.22632
     0.79106    -0.772361     -1.23138
    0.806056     -0.79716      -1.2374
    0.821583    -0.821972     -1.24811
    0.838028    -0.847018     -1.26789
    0.856981    -0.872645     -1.30502
   -0.130469     0.791831     -1.31663
    -0.11423     0.760432     -1.28321
  -0.0984213     0.730194     -1.25385
  -0.0824127     0.700343     -1.22516
  -0.0667546     0.670908     -1.19959
  -0.0510074     0.642502     -1.17864
  -0.0351619     0.615003     -1.16187
   -0.019252     0.586992     -1.14655
 -0.00351906     0.560469      -1.1341
   0.0120323     0.532999     -1.11924
    0.027726     0.505846     -1.10458
   0.0432209     0.478341     -1.08792
   0.0587023     0.451004     -1.07016
   0.0737612      0.42332     -1.05222
   0.0891864     0.395647     -1.03308
    0.104207     0.368433     -1.01556
    0.119266     0.341666     -1.00152
    0.134857     0.315659     -0.99252
    0.150345     0.290163    -0.987466
    0.165928     0.265061    -0.987217
    0.182203     0.241838    -0.997824
    0.199543     0.219535     -1.02586
    0.219041     0.199037     -1.07281
    0.237085     0.178805     -1.11215
    0.254594     0.155656     -1.13777
    0.272428     0.132818     -1.15785
    0.287606     0.106408     -1.15289
    0.301814    0.0782902     -1.13286
    0.317115    0.0520502     -1.11967
    0.331654    0.0248723     -1.10114
    0.346168  -0.00209284     -1.08436
    0.360947   -0.0285094     -1.07139
    0.375738   -0.0546926     -1.06081
    0.390533   -0.0806538     -1.05236
    0.405905    -0.106321     -1.04899
    0.421711    -0.131347     -1.04901
    0.438115    -0.155841     -1.05394
    0.453952    -0.180745     -1.05782
    0.469623    -0.206273     -1.06521
    0.485798    -0.231116     -1.07471
    0.500856    -0.256393     -1.07255
    0.515143    -0.282116     -1.06526
    0.529903     -0.30753     -1.05793
    0.544403    -0.333017     -1.05014
    0.558494    -0.358444     -1.04302
    0.572913     -0.38357     -1.04003
    0.588083    -0.408775     -1.04479
    0.604806    -0.433199     -1.05809
    0.622759    -0.457271     -1.08403
    0.642788    -0.481934     -1.12568
    0.661536    -0.506511      -1.1536
    0.675075    -0.531738     -1.15019
    0.689901    -0.556764     -1.14962
    0.706439    -0.581648     -1.16103
    0.723093    -0.606419     -1.17727
    0.739913    -0.631679     -1.19633
    0.756978    -0.657269     -1.21569
    0.773468    -0.682014     -1.23031
    0.789012    -0.707209     -1.24089
    0.804299    -0.732102     -1.24869
    0.819894     -0.75723     -1.25718
    0.834685    -0.782371     -1.26557
    0.850787    -0.807373     -1.27983
    0.868366     -0.83258     -1.30675
   -0.104295     0.811139     -1.32973
  -0.0881078     0.779114     -1.29496
  -0.0723887     0.748863     -1.26516
  -0.0567237     0.718536     -1.23489
  -0.0407984     0.688821     -1.20754
  -0.0252555     0.659887     -1.18533
  -0.0097102     0.632256     -1.16786
  0.00624068     0.604033     -1.15146
    0.021878     0.577222     -1.13832
   0.0374705     0.549796     -1.12376
   0.0534586      0.52301     -1.11001
   0.0689037     0.495613     -1.09463
   0.0842141     0.468147     -1.07789
   0.0994529     0.440921     -1.06081
    0.114507     0.412641     -1.04092
    0.129534     0.385335     -1.02297
    0.144648     0.358433     -1.00793
    0.160104     0.332253    -0.998098
    0.175653     0.306724    -0.992418
    0.191273     0.281521    -0.990263
    0.207577     0.258198    -0.999928
    0.224901      0.23625     -1.02946
    0.244142     0.215099     -1.07316
     0.26191     0.194113      -1.1074
    0.279506     0.171003     -1.13223
    0.297437     0.148185     -1.15225
    0.312819     0.122101      -1.1486
    0.327126    0.0940547      -1.1307
    0.343015    0.0685427     -1.12459
    0.358501    0.0425857     -1.11677
    0.372942    0.0155422     -1.10278
    0.387328   -0.0114521     -1.08896
    0.402445   -0.0373299     -1.07801
    0.417176    -0.063491     -1.06834
     0.43205   -0.0896286     -1.06114
     0.44753    -0.114946     -1.05832
    0.463283     -0.14002     -1.06145
      0.4792    -0.164855      -1.0683
    0.496034    -0.189619     -1.07763
    0.512051    -0.214721     -1.08487
    0.527469    -0.239894     -1.08681
    0.542124    -0.265463     -1.08324
    0.557078    -0.290864     -1.07835
    0.571651    -0.316469     -1.07247
    0.586218    -0.341818     -1.06656
    0.600752    -0.367086      -1.0641
    0.616191    -0.392225     -1.06939
    0.633107    -0.416594     -1.08375
    0.650742    -0.441246     -1.10717
    0.670142    -0.465671     -1.14148
    0.688136    -0.490303     -1.16647
    0.703284    -0.515826     -1.17317
    0.718755    -0.540738     -1.17831
    0.734661    -0.565796     -1.18693
    0.751024     -0.59079     -1.19934
    0.767128     -0.61583     -1.21407
     0.78451    -0.641566     -1.23164
     0.80105    -0.666344     -1.24667
    0.817112    -0.691604        -1.26
    0.832965    -0.716722     -1.27182
    0.849522    -0.741809     -1.28563
     0.86563    -0.766949     -1.30042
    0.882474    -0.792579     -1.32362
    0.902387    -0.818596      -1.3678
   -0.062447     0.797559     -1.30811
  -0.0462793     0.767696      -1.2776
  -0.0307836     0.736854     -1.24497
   -0.015247     0.706242     -1.21516
 0.000404166     0.677352     -1.19208
   0.0161912     0.649885      -1.1747
   0.0320161     0.621466     -1.15786
   0.0475988     0.594412     -1.14439
   0.0632065     0.567197     -1.13056
   0.0790379     0.540307     -1.11709
   0.0944091      0.51285     -1.10241
     0.10969     0.485393     -1.08622
    0.124936     0.458088     -1.06981
    0.140257     0.430253     -1.05125
    0.155281     0.402869     -1.03361
    0.170416     0.375946     -1.01812
    0.185655      0.34942      -1.0072
    0.201259     0.323814     -1.00075
    0.216525     0.298166    -0.995602
    0.232412     0.273991     -1.00301
    0.250203     0.252754     -1.03154
     0.26906     0.230523     -1.06844
    0.286599      0.20934     -1.09837
    0.304521     0.186546     -1.12243
    0.321225     0.162213     -1.13684
    0.337302     0.136923     -1.13684
     0.35217     0.109844     -1.12552
    0.367863    0.0840742     -1.12211
    0.384357    0.0591094     -1.12303
    0.399415     0.032958     -1.11716
    0.413685   0.00578437     -1.10476
    0.428294   -0.0207429     -1.09113
     0.44345   -0.0466394     -1.07971
    0.458003   -0.0729926      -1.0704
    0.473441   -0.0985414     -1.06459
    0.488428    -0.124166     -1.06357
    0.504298    -0.149136     -1.06753
    0.520585    -0.174146     -1.07563
    0.537174    -0.198919     -1.08578
    0.553359    -0.223758     -1.09473
    0.569054    -0.248906     -1.09881
     0.58428     -0.27421     -1.09845
    0.598909    -0.299986     -1.09525
    0.614078    -0.325088     -1.09147
    0.628945     -0.35039     -1.08939
    0.643861    -0.375734     -1.09252
    0.661344      -0.4001     -1.10517
    0.677917     -0.42503     -1.12472
    0.695727    -0.450029     -1.14997
    0.713588    -0.474427     -1.17036
    0.729728    -0.499741     -1.18328
    0.746383    -0.524718     -1.19458
     0.76209    -0.550005     -1.20489
    0.778617    -0.574953     -1.21695
    0.794317    -0.600104     -1.23029
    0.811857     -0.62597     -1.24755
    0.828812    -0.650556     -1.26417
    0.845676    -0.675793       -1.281
    0.862147    -0.701119     -1.29741
    0.879567    -0.726307     -1.31769
    0.897517      -0.7519     -1.34431
    0.917158    -0.778037     -1.38444
  -0.0361415     0.816694     -1.32243
  -0.0202253     0.786353     -1.28905
 -0.00499679     0.754814     -1.25494
   0.0105046     0.724212     -1.22434
    0.025995     0.694865     -1.20027
   0.0418852     0.667452     -1.18301
   0.0577121     0.639114     -1.16658
   0.0733687     0.612075     -1.15332
   0.0888357     0.584825     -1.13987
    0.104514      0.55767     -1.12597
    0.120099     0.530365     -1.11175
    0.135521     0.503138     -1.09632
    0.150744      0.47582      -1.0803
    0.165966     0.447865     -1.06264
    0.180993      0.42062     -1.04605
    0.196243     0.393662      -1.0308
    0.211351      0.36698     -1.01881
    0.226782     0.340895     -1.01067
    0.242066     0.314955     -1.00308
    0.257763     0.290276     -1.00714
    0.275023     0.268585     -1.03093
    0.293877     0.245701     -1.06168
    0.311201     0.224148     -1.08754
    0.329748     0.201964     -1.11301
    0.346113     0.177526     -1.12736
    0.362323     0.152203     -1.12875
    0.377673     0.125755     -1.12093
    0.393235     0.100029     -1.11855
    0.409447     0.075058     -1.12427
    0.425307    0.0496433     -1.12613
    0.441192    0.0236915     -1.12092
    0.455165  -0.00330211     -1.10726
    0.469646   -0.0298844      -1.0918
    0.484022   -0.0564237     -1.07963
    0.499081   -0.0823446     -1.07181
     0.51385    -0.108137     -1.06751
    0.529431     -0.13329     -1.06862
     0.54575    -0.158286     -1.07443
     0.56196    -0.183281     -1.08361
    0.578609    -0.207827     -1.09493
    0.595571    -0.232402     -1.10632
    0.611697    -0.257283     -1.11444
    0.626976    -0.282947     -1.11716
     0.64207    -0.308257     -1.11585
    0.656481    -0.334104     -1.11427
    0.671666      -0.3591     -1.11575
    0.687991    -0.384223     -1.12476
    0.704966    -0.408905     -1.14017
     0.72239    -0.433773     -1.16034
    0.739577    -0.458779     -1.17844
    0.756275    -0.483798     -1.19273
    0.773447     -0.50881      -1.2071
      0.7897    -0.533966     -1.21991
    0.806289    -0.558973     -1.23303
    0.822216    -0.584012     -1.24692
    0.839816    -0.610097      -1.2655
    0.857318    -0.634794     -1.28573
    0.874884    -0.660028     -1.30674
    0.892514    -0.685464     -1.33016
      0.9116    -0.710896     -1.36029
    0.932264    -0.736975     -1.40116
  0.00581475     0.805323     -1.30331
   0.0211985     0.773723     -1.26849
   0.0367424      0.74269      -1.2366
   0.0523376     0.713593     -1.21192
   0.0678457     0.685651     -1.19409
   0.0835558     0.657462     -1.17814
    0.099135     0.630102     -1.16459
    0.114872     0.602972     -1.15117
    0.130448     0.575657     -1.13683
     0.14616     0.548435     -1.12262
    0.161347      0.52095     -1.10761
    0.176738     0.493759     -1.09242
    0.191788      0.46576      -1.0755
    0.206871     0.438458     -1.05965
    0.222194     0.411643     -1.04536
    0.237302     0.384815     -1.03241
    0.252509     0.358269     -1.02263
    0.268065     0.332678     -1.01545
     0.28343     0.307304     -1.01441
    0.300044     0.284369     -1.03022
    0.318917     0.261441     -1.05746
    0.335947     0.239317     -1.07919
    0.354353     0.217153     -1.10439
    0.371502     0.193476     -1.12382
     0.38772     0.168084     -1.12682
    0.402812     0.141764     -1.12002
    0.418386     0.115827     -1.11776
    0.435084    0.0912444     -1.12608
    0.451938    0.0666035     -1.13243
    0.467619    0.0406928     -1.13263
    0.482472    0.0144972     -1.12431
    0.496742   -0.0123679     -1.10747
    0.510453   -0.0395579     -1.09081
    0.524915   -0.0659032     -1.08015
     0.54007   -0.0916178     -1.07345
     0.55527    -0.116984     -1.07203
    0.571167    -0.142166     -1.07633
    0.587295    -0.167325     -1.08442
    0.603906    -0.191889     -1.09455
     0.62078    -0.216411     -1.10719
    0.637579    -0.241182     -1.12163
    0.654599    -0.266033     -1.13388
    0.670193    -0.291387     -1.13927
    0.685394    -0.316824     -1.14103
    0.700882     -0.34203      -1.1437
    0.716515    -0.367577      -1.1504
    0.732984    -0.392473      -1.1615
    0.749847    -0.417514      -1.1759
    0.767012    -0.442431     -1.19087
    0.783433     -0.46749     -1.20428
    0.800084    -0.492869     -1.21877
    0.817101    -0.517775     -1.23385
    0.833961    -0.543013     -1.25002
    0.851123    -0.567824     -1.26742
    0.868655    -0.593824     -1.28916
    0.886824    -0.619116     -1.31487
    0.905391    -0.644345     -1.34202
    0.924618    -0.670232     -1.37465
    0.945765    -0.695776     -1.41381
   0.0324555     0.825613      -1.3232
   0.0477644     0.793757     -1.28744
   0.0629218     0.762049     -1.25338
   0.0784612     0.732617     -1.22701
   0.0939549     0.704223     -1.20792
    0.109686     0.676232     -1.19199
    0.125389     0.648629     -1.17762
    0.140891     0.621335     -1.16411
    0.156448     0.593711     -1.14843
    0.171997     0.566086     -1.13313
    0.187363     0.538877     -1.11882
     0.20264     0.511781     -1.10555
    0.218025     0.484228     -1.09053
    0.233222     0.456886     -1.07553
    0.248337     0.429929     -1.06153
    0.263395     0.402944     -1.04765
     0.27865      0.37609     -1.03586
    0.294006     0.350269     -1.02808
    0.309339     0.324678     -1.02384
    0.325344     0.300677      -1.0329
     0.34431     0.277765     -1.05691
    0.360796     0.254574     -1.07561
    0.378566     0.232299     -1.10087
    0.397211     0.209718      -1.1235
    0.412995     0.184226     -1.12748
    0.428715     0.158333     -1.12339
    0.444018     0.132223     -1.12099
    0.461141     0.107849     -1.13057
    0.477643    0.0832072     -1.13959
    0.493819     0.057374     -1.14137
    0.509312    0.0317782     -1.13745
    0.523705   0.00502684     -1.12329
    0.537168   -0.0224917     -1.10363
    0.551384   -0.0491229     -1.09043
    0.566087   -0.0751109     -1.08204
    0.581445    -0.100561     -1.07934
      0.5968    -0.125934     -1.08224
    0.613102    -0.151132     -1.08951
    0.629623    -0.175781      -1.0989
    0.646305      -0.2005     -1.11073
    0.663183    -0.225196     -1.12594
     0.68108      -0.2498     -1.14388
    0.697967     -0.27457      -1.1573
    0.714203    -0.299735     -1.16564
    0.729725    -0.325199      -1.1714
    0.745266    -0.350678     -1.17756
    0.761545      -0.3759     -1.18641
    0.777548    -0.401158     -1.19586
    0.794432    -0.426153     -1.20706
    0.810834    -0.451152     -1.21869
    0.827722     -0.47657     -1.23447
    0.845309     -0.50157     -1.25305
    0.863117    -0.526628     -1.27333
     0.88109    -0.551801     -1.29643
    0.899179      -0.5773     -1.32304
    0.919208    -0.603161     -1.35553
    0.938555    -0.628593     -1.38936
    0.959177    -0.654326     -1.42755
    0.074664     0.814886     -1.31196
   0.0893087     0.782132     -1.27494
    0.104962     0.752505     -1.24681
    0.120577     0.723853     -1.22631
    0.136065     0.695673     -1.20905
     0.15152     0.667253     -1.19274
    0.167171     0.640171     -1.17928
    0.182756     0.612291     -1.16241
    0.198059     0.584211      -1.1459
    0.213434     0.556852     -1.13159
    0.228966     0.530225     -1.12043
    0.244444     0.503073     -1.10805
    0.259781     0.475804     -1.09442
    0.274821     0.448652     -1.07993
    0.289635     0.421205      -1.0639
    0.304815     0.394017      -1.0495
    0.319813     0.367537     -1.03867
       0.335     0.341392     -1.03166
    0.351095     0.317455     -1.03789
    0.369586      0.29404     -1.05892
    0.386122     0.270741     -1.07673
    0.404107     0.248523     -1.10011
    0.422665      0.22568      -1.1234
    0.439156     0.201047     -1.13206
    0.454677     0.175234     -1.13119
    0.470006     0.149107     -1.12876
    0.487335      0.12481     -1.13876
    0.504063     0.100178     -1.14857
    0.519905    0.0742456     -1.15034
    0.535534    0.0484247     -1.14704
    0.550367    0.0221125     -1.13543
    0.564333  -0.00513861     -1.11649
    0.578313       -0.032     -1.10253
    0.592708   -0.0582446     -1.09329
    0.607763   -0.0839631     -1.08946
    0.623109    -0.109303     -1.09149
     0.63932    -0.134745     -1.09827
    0.655847    -0.159303     -1.10742
    0.672803    -0.183922     -1.11947
     0.68966    -0.208673     -1.13405
    0.707269    -0.233464     -1.15274
    0.724499    -0.258352     -1.17022
    0.741541    -0.283246     -1.18435
    0.758283    -0.308262     -1.19504
    0.774155    -0.333665     -1.20354
    0.790711    -0.359061     -1.21348
    0.807078    -0.384125       -1.222
    0.822891    -0.409626     -1.23132
    0.839089    -0.434977     -1.24276
    0.856861    -0.460111     -1.26077
    0.874881    -0.485315     -1.28336
    0.893418    -0.510443     -1.30801
    0.912484    -0.535582     -1.33676
     0.93188    -0.560762     -1.36791
    0.952683    -0.586844     -1.40387
    0.973011    -0.612237     -1.44225
    0.116673     0.804379     -1.30401
    0.131803     0.773464     -1.27219
    0.147397     0.744316     -1.24928
    0.162651     0.715879     -1.23069
    0.178232     0.686826     -1.21198
     0.19396     0.659604     -1.19797
    0.209333     0.631671     -1.18163
    0.224755     0.603706     -1.16507
    0.240105     0.576084     -1.15029
    0.255635      0.54931     -1.13934
    0.271163     0.522404     -1.12803
    0.286595     0.495002     -1.11496
    0.301635     0.467851     -1.10111
     0.31634     0.440111     -1.08377
    0.331131     0.412171     -1.06573
    0.345861     0.384968     -1.05099
    0.360897     0.358807     -1.04285
     0.37699     0.334481     -1.04776
    0.395157     0.311127     -1.06647
    0.412296     0.287621      -1.0843
    0.429945     0.265216     -1.10601
    0.448755     0.242917     -1.13078
    0.465926     0.218809     -1.14631
    0.481515     0.192862      -1.1448
    0.496605     0.166485     -1.14222
    0.513992     0.142136     -1.15154
    0.530926     0.117536     -1.16035
    0.546497    0.0915083     -1.16128
    0.562168    0.0655449     -1.15542
    0.576649    0.0388945      -1.1431
     0.59044    0.0116713     -1.12686
     0.60475   -0.0152781      -1.1144
     0.61914   -0.0415553     -1.10581
    0.634477   -0.0671183     -1.10199
    0.649899   -0.0924052     -1.10409
    0.666526    -0.117811     -1.11132
    0.682701    -0.142593     -1.12033
    0.699648    -0.167295     -1.13268
    0.716691    -0.192037     -1.14731
    0.734586    -0.216597     -1.16566
    0.752095    -0.241425     -1.18433
    0.769411    -0.266459     -1.20162
    0.786923    -0.291232     -1.21672
     0.80356    -0.316371     -1.22921
    0.820729    -0.341725     -1.24231
      0.8374    -0.366915     -1.25386
    0.853412    -0.392539     -1.26609
    0.870191    -0.418006     -1.28158
    0.888609     -0.44304     -1.30324
    0.907429    -0.468415     -1.33027
    0.927237    -0.493406     -1.35917
    0.947353    -0.518601     -1.39058
    0.966517    -0.544278     -1.42311
     0.98678    -0.569811     -1.45896
    0.159247     0.795393      -1.3032
    0.174639     0.765568     -1.27654
    0.190088     0.737372     -1.25735
    0.205373     0.707604     -1.23709
    0.221178     0.680206     -1.22162
    0.236536     0.652083     -1.20562
    0.251983     0.624194     -1.18906
    0.267104     0.596144     -1.17373
    0.282676     0.569039     -1.16138
    0.298128     0.542011     -1.14989
     0.31346     0.514438     -1.13728
    0.328679      0.48746      -1.1251
    0.343683     0.459891     -1.10861
    0.358061     0.431394     -1.08756
    0.372456     0.403314     -1.06805
    0.387455     0.376838     -1.05899
    0.403937     0.352745     -1.06419
    0.421587      0.32929      -1.0799
    0.439182     0.305378     -1.09752
    0.456732     0.282836     -1.11834
    0.475338     0.260404     -1.14417
    0.493683     0.237507     -1.16647
    0.508661     0.210985     -1.16721
    0.525154     0.185473     -1.16624
    0.541666     0.160433     -1.17102
     0.55835     0.135411     -1.17534
     0.57352     0.109028     -1.17282
     0.58845    0.0823339     -1.16282
     0.60249    0.0551942      -1.1493
     0.61713    0.0287753     -1.13664
    0.631805   0.00198594     -1.12695
    0.646038   -0.0244959     -1.11997
    0.661557   -0.0499658     -1.11749
    0.677362   -0.0750863     -1.12023
    0.694027    -0.100609     -1.12854
    0.710737    -0.125308     -1.13888
    0.727329    -0.150169     -1.15145
    0.744677       -0.175     -1.16669
    0.762516    -0.199557     -1.18565
    0.780371    -0.224373     -1.20567
    0.798339    -0.248989     -1.22475
    0.815646    -0.274008     -1.24248
     0.83311       -0.299     -1.25947
    0.851185    -0.324249     -1.27797
    0.869041    -0.349436     -1.29691
    0.887297    -0.374613     -1.31686
    0.905563    -0.399929     -1.33939
    0.924571    -0.425044     -1.36406
    0.943876    -0.450419     -1.39202
    0.963216     -0.47585     -1.42252
    0.982823    -0.501638     -1.45488
    0.187274     0.819053     -1.34202
    0.202306     0.788076     -1.30974
    0.217425     0.758801     -1.28732
    0.232816     0.729235     -1.26575
    0.248425     0.700828     -1.24726
    0.263719     0.672552     -1.23037
    0.279083     0.644477      -1.2131
    0.294349     0.616329     -1.19745
    0.309715     0.588778     -1.18395
    0.325369     0.561874     -1.17271
    0.340721     0.534328      -1.1613
    0.356235     0.507486     -1.15083
    0.371494     0.480394      -1.1374
    0.385897     0.451884     -1.11604
    0.399526      0.42237     -1.09173
    0.414306     0.395557     -1.07932
    0.431227     0.371274     -1.08299
    0.448171     0.347957     -1.09724
    0.466316     0.323747     -1.11633
    0.484175     0.301529     -1.13907
    0.503427     0.279756      -1.1691
    0.522249     0.257182      -1.1951
    0.539225     0.232455     -1.20416
    0.554372     0.205679     -1.20117
    0.569875     0.179268     -1.19672
    0.585536     0.153121     -1.19321
     0.60067     0.126572       -1.185
    0.615157    0.0992845       -1.171
    0.629187     0.072202     -1.15774
    0.643856    0.0457861     -1.14812
    0.658906     0.019318     -1.14163
    0.673605  -0.00693464     -1.13674
    0.688975   -0.0327392     -1.13577
    0.705275     -0.05766     -1.13986
    0.722071   -0.0829327     -1.14942
    0.738712    -0.108029     -1.16228
    0.756115    -0.132665     -1.17764
    0.773805    -0.157298     -1.19559
    0.792188    -0.181594     -1.21679
    0.810582    -0.206484     -1.23983
    0.829625    -0.230834     -1.26265
    0.848037     -0.25561     -1.28569
    0.866397    -0.280791      -1.3082
    0.885211    -0.305607     -1.33099
    0.903351     -0.33144     -1.35458
    0.922156     -0.35648     -1.37854
    0.940885     -0.38196     -1.40413
     0.96025    -0.407213     -1.43153
    0.980427    -0.432455     -1.46238
    0.245377     0.781204     -1.32167
    0.260764     0.752071     -1.29918
    0.275821     0.721882     -1.27634
    0.291167     0.693481     -1.25767
    0.306409     0.664852     -1.23846
    0.321804     0.636592     -1.22195
    0.337108     0.608815     -1.20797
    0.352725     0.581858     -1.19769
    0.368184     0.554668     -1.18846
    0.383916     0.527754     -1.17957
    0.399607     0.501213     -1.16987
     0.41421     0.473098     -1.15164
     0.42807     0.443526     -1.12585
    0.442396     0.415483     -1.10651
    0.458038     0.389645      -1.1037
    0.475224     0.366959     -1.11816
    0.494067      0.34303     -1.14099
     0.51255      0.32099     -1.16633
    0.531608     0.299119      -1.1974
    0.551261     0.277134     -1.22537
    0.568544     0.252771     -1.23843
    0.584223     0.226232     -1.23638
    0.598973     0.198951     -1.22659
    0.613735     0.171769     -1.21459
    0.627929     0.144327     -1.19943
    0.642072     0.116492     -1.18329
    0.656649    0.0897191     -1.17176
    0.671736    0.0634696     -1.16466
     0.68689    0.0371375      -1.1607
    0.702395    0.0112901     -1.15902
    0.717684   -0.0145528     -1.16005
    0.733865   -0.0397617     -1.16627
    0.750844   -0.0648041     -1.17868
    0.768632    -0.089657     -1.19577
    0.786793    -0.114024     -1.21534
     0.80511     -0.13848     -1.23733
    0.824057     -0.16293     -1.26053
    0.842564    -0.187744     -1.28591
     0.86172     -0.21235     -1.31237
    0.880709    -0.237208     -1.33951
    0.900592    -0.262119      -1.3673
      0.9196    -0.287131     -1.39256
    0.938647    -0.312423     -1.41824
    0.958792    -0.337748     -1.44764
    0.289518      0.77621      -1.3413
    0.304219     0.744803      -1.3151
    0.319719     0.716346     -1.29476
    0.334812     0.687124     -1.27435
    0.349748     0.658329     -1.25613
    0.365365     0.630556     -1.24181
    0.381085     0.603425     -1.23192
    0.396847     0.576762      -1.2246
    0.412809     0.549909     -1.21756
     0.42864     0.523392     -1.21036
    0.444017       0.4961       -1.197
    0.457835     0.466663     -1.17305
    0.471497     0.437032     -1.14735
    0.486477     0.410157     -1.13591
    0.503738     0.386645     -1.14632
    0.522156     0.363215     -1.16888
    0.541062     0.340563     -1.19644
    0.560724     0.319393     -1.22653
    0.579261     0.296279     -1.25178
    0.596799     0.271847     -1.26576
    0.613301     0.245974     -1.26666
    0.628254     0.218641     -1.25556
    0.642475     0.190792     -1.23845
    0.656121     0.162724      -1.2191
    0.669808     0.134498     -1.20289
    0.684672     0.107767     -1.19253
    0.700052    0.0816558     -1.18697
    0.715276    0.0554501     -1.18487
    0.731386    0.0297253     -1.18692
     0.74793    0.0045312     -1.19267
    0.764818   -0.0205073     -1.20396
    0.782504   -0.0449705     -1.22075
     0.80144   -0.0695937     -1.24345
    0.820065   -0.0941399     -1.26718
    0.838536      -0.1188     -1.29153
    0.857437    -0.143423     -1.31755
    0.877792    -0.167531     -1.34726
     0.89803    -0.191957     -1.37978
    0.349771     0.742081     -1.34852
    0.364815     0.712808     -1.32776
    0.379878     0.683838      -1.3087
    0.395453     0.655699     -1.29396
    0.411286     0.628201     -1.28306
    0.427012     0.601273     -1.27594
    0.443262     0.574646      -1.2709
    0.459297     0.548067     -1.26579
    0.475016     0.520976      -1.2568
    0.489681     0.492747     -1.23974
     0.50352      0.46298     -1.21515
     0.51707     0.433713     -1.19466
    0.533807     0.408432     -1.19534
    0.551266     0.385285     -1.21112
     0.57039     0.361089     -1.23416
    0.590213     0.339756     -1.26176
    0.609102     0.316848     -1.28554
    0.626683     0.292299     -1.29811
    0.642917     0.266158     -1.29774
    0.657452     0.238182     -1.28543
    0.671339     0.209884     -1.26678
    0.685334     0.181995     -1.24843
    0.699482      0.15409     -1.23307
    0.713816     0.126838     -1.22234
    0.729392     0.100686     -1.21766
    0.744779    0.0745113     -1.21702
    0.760937    0.0485076       -1.222
    0.778123    0.0235974     -1.23311
    0.796204 -0.000780807     -1.25052
    0.427358     0.683786      -1.3627
    0.443085     0.655799     -1.35001
     0.45896     0.628429     -1.34185
    0.475159     0.601829     -1.33757
     0.49137     0.574735     -1.33417
    0.507719     0.548453     -1.33053
    0.523719      0.52135     -1.32308
    0.539114      0.49369      -1.3119
    0.554301     0.465784     -1.29981
    0.570078     0.438515     -1.29317
    0.586738     0.413119     -1.29549
    0.604666     0.388695     -1.30507
    0.621592     0.362319      -1.3176
     0.63964     0.338402     -1.33031
    0.657211      0.31345     -1.33717
    0.672965     0.286818     -1.33502
    0.688086      0.25911     -1.32431
    0.701953     0.230592     -1.30697
    0.716457     0.202782     -1.29109
    0.731045     0.175263     -1.27738
    0.745034      0.14733     -1.26612
    0.760757     0.121093     -1.26182
    0.776941     0.095226     -1.26349
    0.793089    0.0691295     -1.27163
    0.642266     0.419263     -1.41559
    0.658634     0.392271     -1.41096
    0.674081     0.363574     -1.40457
    0.689762     0.336557      -1.3973
    0.705135     0.309127     -1.38898
    0.720493     0.281664     -1.37892
    0.735476     0.253922     -1.36612
    0.750521     0.226243     -1.35382
     0.76518     0.198575     -1.34291
    0.779724     0.170615     -1.33392