V
-0.517036299675024	-0.0838763432557345	-1.41676842725677
-0.515885307010706	-0.113764433718987	-1.39723904522140
-0.514386719419849	-0.143656423423767	-1.37845712385584
-0.513128107412636	-0.173321502998349	-1.35918780796698
-0.512210170417894	-0.202956851624003	-1.34008500572999
-0.510943125438919	-0.232323980245606	-1.32341951095049
-0.509613594940097	-0.261735925729108	-1.31192880760808
-0.508404266336527	-0.290802067405671	-1.30470737467406
-0.507413911590794	-0.319560007399184	-1.30539932429117
-0.489749995467884	-0.0268640454971628	-1.37091926933170
-0.489264521925072	-0.0555028612850960	-1.36806773393435
-0.488247888628235	-0.0846418781412495	-1.36063790497419
-0.487182949380115	-0.114465776506906	-1.34452970628711
-0.485544738208295	-0.144305179637157	-1.32448662099398
-0.484659997601317	-0.173984160414024	-1.30206185722279
-0.483637034764866	-0.203561087520667	-1.28188664467214
-0.482720016221639	-0.232617868129507	-1.26737880455388
-0.481400479883773	-0.261721537257514	-1.25758660665938
-0.479874833948694	-0.290454777510811	-1.25211720970689
-0.479045669829497	-0.319115725256398	-1.25316213963179
-0.477817524884891	-0.347575226262315	-1.25710632459685
-0.476415908062859	-0.376300579058517	-1.26517063705190
-0.471529107902604	-0.490754079633972	-1.31391234827379
-0.469963957551933	-0.520129439238134	-1.32996005785031
-0.468549945572068	-0.548751512114714	-1.34432338405314
-0.468175776999993	-0.577855831977131	-1.36398512324203
-0.466879401921732	-0.607083029250226	-1.38474005443010
-0.465365836890915	-0.636493142479867	-1.40581367022983
-0.464133342073606	-0.665990863816858	-1.42406304673077
-0.463105045208001	-0.695025060039462	-1.43790112970947
-0.461853428632695	-0.724398737827892	-1.45233522623122
-0.460941650940297	-0.0278992035284879	-1.31712905384208
-0.460491396447244	-0.0560255083566546	-1.32332471591413
-0.459305925814140	-0.0851338891540575	-1.31950105737312
-0.458197333221595	-0.114803195287278	-1.30364853347010
-0.457198145097561	-0.144664133647967	-1.28097098642725
-0.456137598404262	-0.174279774249611	-1.25698487264363
-0.455109746894250	-0.203608698226319	-1.23770883027057
-0.454129377507223	-0.232583674462622	-1.22615777024646
-0.452858527787868	-0.261336733600511	-1.21823755154101
-0.451645960053073	-0.289898293458230	-1.21452709265886
-0.450742692434424	-0.318414236992464	-1.21415527363927
-0.449193681220137	-0.346918153589786	-1.21642329053102
-0.447672533836387	-0.375314820049484	-1.22128061839584
-0.446940115369152	-0.403772069556440	-1.22811212555718
-0.445829851391586	-0.432272662000469	-1.23745782838722
-0.444061610992214	-0.460552988274540	-1.24757296437719
-0.443049078359748	-0.489616395517001	-1.26224366049443
-0.441769790358545	-0.518118377176025	-1.27555229636175
-0.440531390192989	-0.546658138512026	-1.28878713613461
-0.439876818994599	-0.575706683448545	-1.30568199696424
-0.438877894245672	-0.604550847249014	-1.32443582017097
-0.436841917554701	-0.633957897795857	-1.34466680185940
-0.436126590433067	-0.662867321589966	-1.36340458643980
-0.434158710543386	-0.691959987445305	-1.37857846783632
-0.432765788661467	-0.721216156561390	-1.39280922089461
-0.432064962898374	-0.750265024687811	-1.40532425022922
-0.430619845313508	-0.779541721245322	-1.41885480432199
-0.429570824393874	-0.808593353847146	-1.43382339616295
-0.428342251963438	-0.837797377907270	-1.44802416804537
-0.426139264530559	-0.866907390121943	-1.46070618604804
-0.433887711908685	-0.00128222827623829	-1.25694055394036
-0.432771980237436	-0.0283831511233193	-1.27509896451296
-0.431609109040434	-0.0565445159474689	-1.28516085733886
-0.430561807334348	-0.0854845323853431	-1.28218517365344
-0.429327192794150	-0.115072407795383	-1.26711399888894
-0.428389219870495	-0.144778057958429	-1.24550129292456
-0.427818799012040	-0.174103586054974	-1.22428014214204
-0.426497270655679	-0.203216174896702	-1.20689699505774
-0.425642297382361	-0.232214913502765	-1.19657648499548
-0.424770194947606	-0.260785958913407	-1.18939780155770
-0.423890810181149	-0.289144536780589	-1.18597042653336
-0.422287156983307	-0.317611650556586	-1.18333875822038
-0.421210166608528	-0.346162675671035	-1.18352449516158
-0.420329871168663	-0.374388045848934	-1.18498336303909
-0.419143246096028	-0.402821560159184	-1.18782422334634
-0.417824546987420	-0.431015472982782	-1.19226513529402
-0.416528843061302	-0.459313519503040	-1.20110212953463
-0.415482796214385	-0.488225096062452	-1.21463270385670
-0.414000716372696	-0.516501814546897	-1.22662261326137
-0.412321321866416	-0.544902722542772	-1.24018101900178
-0.411660947988044	-0.573659554519932	-1.25533158615746
-0.410527244582029	-0.602289506973722	-1.27115718333951
-0.408743500359017	-0.631094290400971	-1.28675985004761
-0.407834983490941	-0.659921587695035	-1.30285417517593
-0.406503718261229	-0.689042364407431	-1.31913216296436
-0.405014746059049	-0.717853442191900	-1.33429809109891
-0.403629377126303	-0.746946927381938	-1.34941280552387
-0.402466954326321	-0.776231261216494	-1.36453647265584
-0.401026108119650	-0.804995733245507	-1.37777002788343
-0.399960337675974	-0.834068891472646	-1.38963822202593
-0.398867482662236	-0.862708242370630	-1.39941482574418
-0.397366247667856	-0.891552767817235	-1.41241310201554
-0.395959655700647	-0.920643054078220	-1.42875577378275
-0.394346041461289	-0.950006568861114	-1.44742562500993
-0.405846851072516	-0.00158874064195160	-1.22324001008212
-0.404484119703062	-0.0286192614500054	-1.24215266018557
-0.403373857945345	-0.0568128173648730	-1.25241863141715
-0.402358251316876	-0.0858703285433416	-1.24721824808252
-0.401279940145677	-0.115263268466647	-1.23398511777530
-0.400175621530577	-0.144645988351439	-1.21701144722342
-0.399360993429447	-0.173684883691164	-1.20022483862365
-0.398582994246932	-0.202649869902052	-1.18490618858360
-0.397184682745015	-0.231532637360782	-1.17475280281851
-0.396501508295984	-0.260073491770803	-1.16688971214177
-0.395301186261833	-0.288497977253557	-1.16243478904974
-0.394222161506199	-0.316831846586706	-1.15762329825924
-0.393115854755876	-0.345309637164810	-1.15542864271037
-0.392109735303180	-0.373538571268057	-1.15410217582250
-0.391151920105207	-0.401749144555393	-1.15430592795004
-0.389957128673454	-0.429815576492678	-1.15697325638452
-0.388761145672940	-0.458391190557068	-1.16531447625383
-0.387761961616839	-0.486642726113904	-1.17585110491742
-0.386737426271800	-0.514815313300278	-1.18719673365393
-0.384730084829615	-0.543341506253246	-1.20120975721849
-0.383496512494280	-0.571572875762293	-1.21534493463159
-0.382323677423742	-0.600411671305605	-1.23033983588830
-0.380996238927403	-0.628896910795342	-1.24296107345911
-0.379512118307981	-0.657420174628127	-1.25393125097447
-0.378140702227376	-0.685940178197662	-1.26507206770304
-0.377019326297207	-0.714469633506440	-1.27671518995114
-0.376603046095313	-0.743406595631839	-1.29064923687185
-0.375277773262265	-0.772112388340543	-1.30486354158011
-0.373616044421458	-0.800952992065672	-1.31935915625961
-0.372464548736369	-0.830074342343296	-1.33372613443623
-0.370960232192493	-0.858670847504728	-1.34669946943761
-0.369596617237869	-0.887619351188944	-1.36031918831523
-0.368727421683831	-0.916729686134147	-1.37534671475481
-0.367313375726922	-0.945605873351890	-1.39151272868282
-0.365945197292393	-0.974670341347534	-1.40993158033977
-0.364246058425904	-1.00389879719133	-1.43164072007103
-0.377724052979221	-0.00141528997696777	-1.18843111331585
-0.377148753065385	-0.0294136851948014	-1.20378431276534
-0.375796949878253	-0.0574051247577294	-1.21586625795715
-0.374200491786585	-0.0862762881935079	-1.21151997971596
-0.373227287390706	-0.115330646754948	-1.20249444847087
-0.372067500465458	-0.144323755788768	-1.19216005241092
-0.371139256354066	-0.173047566433244	-1.18246458525373
-0.370493596645653	-0.201883025076631	-1.17075204689973
-0.369576474416988	-0.230835903278463	-1.16041120997903
-0.368640480120650	-0.259302913850023	-1.15039192818703
-0.367352243069873	-0.287754467867448	-1.14349519517765
-0.366396263053336	-0.316027065515305	-1.13656883768744
-0.365166593591340	-0.344505053811270	-1.13217186747268
-0.364378916593264	-0.372636504708486	-1.12881899684776
-0.363211642109787	-0.400785059149448	-1.12796981785585
-0.362223827296724	-0.428740757805776	-1.13012960106626
-0.360933370049572	-0.457316460208368	-1.13810608632260
-0.360016148774869	-0.485258303612289	-1.14724878284515
-0.358626222042136	-0.513408667718776	-1.15850905558097
-0.357225626401182	-0.541803103190718	-1.17220060908998
-0.355747181360999	-0.569922975044672	-1.18571022117524
-0.354568998780543	-0.598638287604844	-1.20002621606056
-0.353347234411686	-0.627015001631257	-1.21111904848127
-0.351958602521373	-0.655308607684858	-1.22033083941036
-0.351039164331456	-0.683608476199610	-1.22817459149197
-0.349660956975812	-0.711804688973862	-1.23522876503778
-0.348574679599120	-0.740351820384416	-1.24404713659583
-0.347947799320001	-0.768583678119480	-1.25339743001345
-0.346263921552617	-0.797232991533612	-1.26483777208666
-0.344924360608838	-0.825744692568763	-1.27868018268308
-0.343711638573708	-0.854564717996125	-1.29495629057003
-0.342003275232015	-0.883583219647711	-1.31044732043173
-0.340317020794038	-0.912403364222939	-1.32516384016406
-0.339518474727418	-0.941252318021215	-1.34182373246262
-0.338694513806342	-0.970254811143245	-1.35986288184036
-0.336703691249531	-0.999582174940416	-1.37996173352355
-0.335040445066939	-1.02939313189027	-1.40406407837304
-0.350368392101615	-0.00276578785175968	-1.14587353209734
-0.349134318979883	-0.0308900942339784	-1.16078194027553
-0.347507946033654	-0.0585335659620007	-1.17129715973008
-0.346695035846612	-0.0870731055314687	-1.17047819962072
-0.345272047473019	-0.115411684254522	-1.17110670238973
-0.344324423848819	-0.143873648949608	-1.17075154294325
-0.343168117804543	-0.172358669843350	-1.16874680344719
-0.342081506633350	-0.200926529134032	-1.16151849427506
-0.341277243400885	-0.229831444268762	-1.15095198230617
-0.340664576425618	-0.258377493085882	-1.13804284202987
-0.339500164992227	-0.286812726678641	-1.12779365105318
-0.338720367175030	-0.315189432996779	-1.11894176884218
-0.337613222040944	-0.343594006595992	-1.11266750095799
-0.336987780855280	-0.371714310939173	-1.10837208366987
-0.335574066404799	-0.399743827717610	-1.10707197790377
-0.334956596116842	-0.427540565273766	-1.10922768729075
-0.333310939440487	-0.456082497992825	-1.11690698297486
-0.332149402285863	-0.484068090216789	-1.12549739298620
-0.330971514537925	-0.512219378330496	-1.13670167885687
-0.329188300791492	-0.540386118973227	-1.14985301435981
-0.327820213886001	-0.568493457153002	-1.16350607862185
-0.326456160965621	-0.597108145284820	-1.17690128375719
-0.325434477815298	-0.625283560772315	-1.18680641118386
-0.324337172734747	-0.653580377130504	-1.19487540979825
-0.323262435725936	-0.681645565627986	-1.20025690037429
-0.322234128729121	-0.709870535763181	-1.20560504590230
-0.320533804810060	-0.738174259543498	-1.21220405346519
-0.319623581767306	-0.766099178571394	-1.21908400542769
-0.318643965026193	-0.794411633507628	-1.22763694565197
-0.317689879047214	-0.822863877022196	-1.23899183058094
-0.316198960367308	-0.851380948607783	-1.25286662711842
-0.314499081398664	-0.879734015121242	-1.26631135524084
-0.313191513255316	-0.908525182236051	-1.28018688858806
-0.312229866417617	-0.937081759018649	-1.29548972030589
-0.311329564385659	-0.965609190525052	-1.31228170882919
-0.309321184538472	-0.995436251661691	-1.33183052613129
-0.308182165456546	-1.02444539217230	-1.35257091531349
-0.306573145155177	-1.05366851535909	-1.37674931135765
-0.322387407458649	-0.00294316200393516	-1.12314168668187
-0.320842319407567	-0.0301195260850623	-1.13994072640984
-0.319848051979455	-0.0585229654214033	-1.14022096128596
-0.319017374804085	-0.0873923830200787	-1.13621611579783
-0.317687535641999	-0.115404257139659	-1.14242685633953
-0.316430705994626	-0.143400965174159	-1.15102403437922
-0.315370653955904	-0.171614305200674	-1.15437109198102
-0.314244590423628	-0.200094251004402	-1.15088963522088
-0.313249048454826	-0.228951089254652	-1.14167436636336
-0.312678675079520	-0.257416119562404	-1.12775245781513
-0.311753075359201	-0.285887266155183	-1.11435272375660
-0.310949267998973	-0.314392551870551	-1.10356823114987
-0.310277152087905	-0.342649653849886	-1.09641101411208
-0.309114169098338	-0.370709692540500	-1.09092083975398
-0.307996999647462	-0.398660362780638	-1.08912807897244
-0.306970766802661	-0.426460442961727	-1.09195741567153
-0.305845516022867	-0.454942748192292	-1.09958989458208
-0.304748262033876	-0.482724176077049	-1.10813700027502
-0.303264406522828	-0.510848585226201	-1.11990621711167
-0.301425925703946	-0.539016841997831	-1.13295581110008
-0.300401547357688	-0.567234009130264	-1.14720027132292
-0.298960940248307	-0.595604080518307	-1.15863175515167
-0.297691231946028	-0.623702387225758	-1.16479822598301
-0.296287528285357	-0.651669440761699	-1.16858350417173
-0.295194535437346	-0.679458776660824	-1.17053556024502
-0.294764706241672	-0.707813781647496	-1.17552385853980
-0.293259614188398	-0.735839159192291	-1.18255039549622
-0.292197569045692	-0.763820403743358	-1.19026995422664
-0.291306437577561	-0.791976543834189	-1.19910426879424
-0.290214628180599	-0.820274654965465	-1.20963673882025
-0.288474986458684	-0.848675827684265	-1.22145654000273
-0.287245393236486	-0.876750963333298	-1.23198705529245
-0.285877189739932	-0.905094828669658	-1.24367931741099
-0.284745499311208	-0.933231103637590	-1.25581761702143
-0.283683264269830	-0.961457887096828	-1.26923673260812
-0.281989745475024	-0.990845853722334	-1.28493764831919
-0.281201578872045	-1.01904901194919	-1.30121933205944
-0.279635221657044	-1.04801524163904	-1.32081977103705
-0.277914361152259	-1.07747940589404	-1.34470509293977
-0.276428674025735	-1.10761975576435	-1.37522190760368
-0.295107775218042	-0.00245039452143381	-1.10901499294898
-0.293184595365849	-0.0300891760416160	-1.12075275394529
-0.292064946990967	-0.0584061662483108	-1.11890144689280
-0.291430944072912	-0.0871842286144373	-1.11436235017168
-0.290118424103962	-0.115124954048872	-1.11976419993616
-0.288145603506538	-0.142857210046143	-1.13279609667932
-0.287094699649792	-0.170907069961002	-1.13942581214366
-0.286312579915410	-0.199390269269326	-1.13781075246642
-0.285321684543476	-0.227962990821276	-1.13117741307265
-0.284698741251476	-0.256524991084060	-1.11759955132200
-0.283507541665126	-0.285042724829816	-1.10162551427210
-0.283064505087174	-0.313420422192222	-1.08909600796691
-0.282178421449983	-0.341636933483576	-1.08095493304073
-0.281490492001122	-0.369682138043666	-1.07504483336228
-0.280458208248870	-0.397540515653821	-1.07366562825042
-0.279289629892349	-0.425460313221405	-1.07780778974209
-0.278145011074277	-0.453877107312065	-1.08590998002073
-0.276913149587391	-0.481563525777424	-1.09482046280270
-0.275664755729326	-0.509685840829159	-1.10743311972661
-0.273981459099369	-0.537708029692111	-1.12019013677539
-0.272451238890729	-0.565920836581432	-1.13159125065871
-0.271190185215330	-0.594119748257371	-1.13645178051814
-0.270390089028038	-0.621863136807106	-1.13645864867340
-0.269642011364159	-0.649674535109785	-1.13713804568937
-0.268768251509138	-0.677339728413430	-1.13941481389821
-0.267597995385644	-0.705785886899120	-1.14688323234908
-0.266610211990036	-0.733727512526263	-1.15674537599881
-0.265126597435511	-0.761897124371788	-1.16736382199137
-0.263857192577165	-0.789950908888959	-1.17689045828734
-0.263053728168361	-0.818041116705173	-1.18652617406358
-0.261587473984732	-0.846396691085270	-1.19700676826540
-0.260161336026869	-0.874195042054290	-1.20511401955106
-0.259194683456432	-0.902404937082438	-1.21468512429247
-0.257949139311618	-0.930098830209201	-1.22424558885577
-0.256389535178597	-0.958630924052053	-1.23567206651269
-0.255395540589090	-0.987011343171289	-1.24793042966570
-0.254270605857555	-1.01513748041987	-1.26012431999580
-0.252880938912027	-1.04308949477492	-1.27339834948905
-0.251502831091537	-1.07155547058283	-1.28914752571464
-0.250113223621415	-1.10049270842135	-1.31026309775667
-0.248513140250072	-1.13043995768129	-1.33952372681637
-0.266287721994263	-0.00174091866071767	-1.09934592540649
-0.265651004305188	-0.0295368185589750	-1.10751597708430
-0.264587006641788	-0.0578785239886348	-1.10507003203808
-0.263333867533700	-0.0865958312129164	-1.10032546861595
-0.262421988049395	-0.114655959899405	-1.10431579330003
-0.260589964546791	-0.142297991443023	-1.11802552867671
-0.259354848296677	-0.170338033294761	-1.12475525151180
-0.258396605428623	-0.198541969518876	-1.12465907366226
-0.257367383248475	-0.227125265469360	-1.11989324711069
-0.256743080550484	-0.255671691223155	-1.10554563139630
-0.256193682870935	-0.284097802736842	-1.08810533267774
-0.255730222692787	-0.312554472216924	-1.07498654638812
-0.254800939424351	-0.340737547573142	-1.06639481135175
-0.254140015808250	-0.368688954046723	-1.06168505207817
-0.252793121455252	-0.396456047107693	-1.06124907521617
-0.251658309765846	-0.424299315080147	-1.06652393567054
-0.250442620860009	-0.452674731906246	-1.07617237522498
-0.249025555695286	-0.480454971510544	-1.08650610137058
-0.247186268561330	-0.508495556513239	-1.09888902722169
-0.246092848094305	-0.536457863390738	-1.10755168854506
-0.245288732525977	-0.564417384523814	-1.11073539584695
-0.244698545455176	-0.592320226536343	-1.10840707515661
-0.243549713965586	-0.619930893097574	-1.10487945667872
-0.243062877413508	-0.647644846555906	-1.10428285484268
-0.241594078281044	-0.675424110560467	-1.10870558909057
-0.240181106987747	-0.703542942299764	-1.12029631128698
-0.238927891309948	-0.731820922235371	-1.13511113549034
-0.237338377546497	-0.760195138697215	-1.14909243255496
-0.236474962403493	-0.788100164635395	-1.15832358894402
-0.235647016063139	-0.816021787383423	-1.16613369373413
-0.234401646125843	-0.844119270731790	-1.17448933124711
-0.232771560121291	-0.871806519618102	-1.18109733596913
-0.231714043524547	-0.899842327081756	-1.18919989633000
-0.230898423674728	-0.927225167195820	-1.19727901660178
-0.229222440253104	-0.956089955911127	-1.20845049019501
-0.227861007260449	-0.983772765514634	-1.21939016102862
-0.227150482108322	-1.01177155031291	-1.22976034246834
-0.226107535880331	-1.03949423080577	-1.23880352764681
-0.224601963073068	-1.06717311819878	-1.24763170221044
-0.223584642600042	-1.09525443472263	-1.25967427637974
-0.222296329019828	-1.12343542793862	-1.27652180843351
-0.221047039374079	-1.15277133079290	-1.30356507997531
-0.238583588116572	-0.000852976786973764	-1.09304725033396
-0.237410649193161	-0.0285989977088917	-1.10196272769261
-0.236104639728408	-0.0570341133562352	-1.09739820970084
-0.235507023526645	-0.0859370982624668	-1.09096125743441
-0.234536126637599	-0.113856640536649	-1.09476589902539
-0.232846924114559	-0.141539748711591	-1.10688739900024
-0.231495735838355	-0.169532277909341	-1.11187662217837
-0.230157747334673	-0.197815771894891	-1.11284202036123
-0.229849418095621	-0.226299340173716	-1.10691264470003
-0.229171422533101	-0.254812107409113	-1.09070479786116
-0.228469631413092	-0.283281292037896	-1.07357659341802
-0.228046920704823	-0.311713148258262	-1.06145393054757
-0.227371082190523	-0.339753779439668	-1.05340228241625
-0.226331413716323	-0.367603267658208	-1.05022116351645
-0.225195405378861	-0.395448609904265	-1.05220842644128
-0.223932610544118	-0.423253663297243	-1.05905828820678
-0.222775397590354	-0.451600843560286	-1.07070811121414
-0.221379001967602	-0.479362349668897	-1.08195196092785
-0.219882726078675	-0.507326415991174	-1.08967027848508
-0.218984341082283	-0.535158965959762	-1.08935773112888
-0.218022951693094	-0.562895606590841	-1.08497207379587
-0.217599431288434	-0.590633773525537	-1.07886668865767
-0.216652245796168	-0.618086455957375	-1.07392622085154
-0.215730040044528	-0.645590457159466	-1.07322405383551
-0.215046334534163	-0.673615571192062	-1.08137809313840
-0.212967677244614	-0.701789305256085	-1.09780515255708
-0.211331980923280	-0.730075624011462	-1.11721485072798
-0.210195160029845	-0.758368790816682	-1.13219215508529
-0.209172561407482	-0.786127727643951	-1.13894581838681
-0.208083658502159	-0.813953741335041	-1.14397814943718
-0.207311986818339	-0.841769799563699	-1.15024206852797
-0.206161724592180	-0.869413377170780	-1.15627223680036
-0.204854319977492	-0.897200548831029	-1.16330775878683
-0.203997419696944	-0.924267543502988	-1.17139072097985
-0.202571133106194	-0.953562608489830	-1.18358398678576
-0.201600624160532	-0.980969378091506	-1.19404503921062
-0.200327584101282	-1.00871168923144	-1.20274261466435
-0.199245223428957	-1.03632997427206	-1.20948553128976
-0.198446211490523	-1.06348003414937	-1.21510621345186
-0.197417304359619	-1.09106731001746	-1.22209435291586
-0.196208996378580	-1.11858775586114	-1.23138209644612
-0.194940024717282	-1.14649517440341	-1.24527117372011
-0.193763997297948	-1.17569895768651	-1.27009947743552
-0.210875103357310	-0.000148795483507896	-1.08814669939746
-0.209881453412000	-0.0274574378683560	-1.09735531790950
-0.208140385207294	-0.0561087036326484	-1.09311776920433
-0.207447267859534	-0.0848407337482866	-1.08684251230282
-0.206342131992187	-0.112783381075017	-1.09051453250849
-0.204912948673988	-0.140668293117123	-1.09932420802303
-0.203496480872968	-0.168738351619231	-1.10201583773017
-0.202190424986044	-0.196960989305954	-1.10055713480931
-0.201994777974295	-0.225641469102925	-1.08988841047419
-0.201651169962142	-0.254075852341441	-1.07350267182746
-0.200790919092903	-0.282470037854306	-1.05867041939735
-0.200430660648009	-0.310744653695245	-1.04833937875566
-0.199698970256431	-0.338737484098814	-1.04286688996653
-0.198996239358077	-0.366610552310066	-1.04177987962093
-0.197807643422330	-0.394381773681095	-1.04622007984766
-0.196238216796511	-0.422155428819244	-1.05595164872557
-0.194947797872415	-0.450513525850256	-1.06820650111941
-0.193450342491903	-0.478257554902082	-1.07482447059107
-0.192740082748244	-0.506057119344324	-1.07266200541492
-0.191763398492204	-0.533703428751232	-1.06430651185466
-0.191515664414289	-0.561356253979143	-1.05637166975015
-0.190744462815454	-0.588873694199346	-1.04873808964069
-0.190498801852619	-0.616297029129284	-1.04417077866659
-0.189399873263201	-0.643760491981598	-1.04497144889520
-0.187747141241243	-0.671707646232662	-1.05560664181172
-0.185634414100210	-0.700014340195109	-1.07684107792115
-0.183924717674810	-0.728797145515560	-1.10419332950027
-0.182594815094051	-0.756868593439985	-1.12168832993645
-0.182148687664191	-0.784178325626695	-1.12014299293013
-0.181062725653967	-0.811582866829999	-1.11826046670429
-0.180210576396183	-0.839236140980698	-1.12154032293916
-0.179674343813319	-0.866854865872687	-1.12801959843645
-0.178272770564383	-0.894435176330908	-1.13621729790564
-0.176796768548149	-0.921699913037461	-1.14610929325854
-0.175278013372945	-0.950770407416524	-1.15931705107207
-0.174351804652374	-0.978222825175996	-1.16929867930908
-0.173144529789686	-1.00572553308431	-1.17678979831457
-0.172367763497774	-1.03295647119248	-1.18214664617483
-0.171577855546711	-1.06025051260129	-1.18659091797106
-0.170913743092248	-1.08740386179024	-1.19115914927234
-0.170036097139789	-1.11444741776907	-1.19607852409439
-0.168907133402558	-1.14154233821613	-1.20345303009702
-0.168341728155743	-1.16924772157362	-1.21909297981799
-0.165539986303058	-1.19850828747363	-1.23787654171831
-0.181031944304621	-0.0266099569350420	-1.09516039090178
-0.180182387170724	-0.0549825954091166	-1.09174657790851
-0.179220533975004	-0.0836170120063560	-1.08591329072542
-0.178052781371462	-0.111727269644507	-1.08823414963011
-0.176944535189745	-0.139705875844727	-1.09289194909488
-0.175589881855671	-0.167824876926424	-1.09227328501040
-0.174996482459881	-0.196345761430665	-1.08494100399284
-0.174731810319227	-0.225122197686444	-1.07101038475698
-0.174631803613836	-0.253351622711843	-1.05719204110272
-0.173849742263952	-0.281598745138848	-1.04449542534137
-0.173092807133082	-0.309811041740431	-1.03691887541639
-0.171993679202455	-0.337720324282857	-1.03448906316383
-0.171259264425194	-0.365520657824833	-1.03576727009970
-0.169784526961203	-0.393349394366095	-1.04245455093566
-0.168390704607999	-0.421120545405931	-1.05343514101689
-0.167000880831130	-0.449389853429303	-1.06159557500121
-0.166185524639096	-0.477020137304711	-1.05902708053525
-0.165940897670251	-0.504770373853953	-1.04930666700797
-0.165371949925626	-0.532333078547839	-1.03814819263800
-0.165136117315381	-0.559872023921174	-1.02855664987062
-0.164808771926875	-0.587189349054209	-1.01924284692820
-0.164449788985616	-0.614411692933793	-1.01452645876034
-0.163118718055833	-0.641889159164748	-1.01523185601926
-0.161729683159186	-0.669724947455502	-1.02621597709723
-0.159647936577658	-0.697921991047573	-1.04872566540467
-0.156887321859904	-0.726719917544235	-1.08307886360921
-0.154526666513967	-0.755911171670681	-1.11284661641388
-0.155095802950677	-0.782192434524317	-1.10218157210325
-0.154865336033917	-0.808969823100203	-1.08806949999539
-0.153839973579618	-0.835812545629311	-1.08432094203923
-0.153410373315029	-0.863674216770216	-1.09117489993645
-0.152250164044096	-0.891431857842483	-1.10338861126247
-0.150495582465423	-0.919224288157752	-1.11787267363117
-0.148653641359087	-0.947978700714774	-1.13349859538657
-0.147794636497653	-0.975461563238498	-1.14504058923376
-0.146658722025267	-1.00305456349642	-1.15371072911182
-0.145814124740341	-1.03014232460791	-1.15863556340991
-0.145050866495188	-1.05730149826907	-1.16190937641663
-0.144270977966812	-1.08418684389280	-1.16437754305662
-0.143678295237513	-1.11090700372013	-1.16693537308336
-0.142978161348442	-1.13768610748969	-1.17230558034479
-0.141730238396024	-1.16519119213380	-1.18551511128791
-0.140147120275968	-1.19406153108563	-1.20601846646343
-0.138286691062460	-1.22276939304692	-1.22756445681522
-0.152431780384982	-0.0251286272418103	-1.10028735786526
-0.151694625445228	-0.0535473125160682	-1.09521709671505
-0.151298130279452	-0.0824733729303376	-1.08653349403121
-0.150168010173581	-0.110572755715553	-1.08620223494641
-0.149023648310658	-0.138841829287237	-1.08460834059795
-0.148182755987160	-0.167135731912351	-1.07720829976497
-0.147950683513983	-0.195900157704033	-1.06613092447982
-0.147389856536787	-0.224307214638645	-1.05334026267479
-0.146908430471750	-0.252531524832490	-1.04126305967798
-0.146414310840517	-0.280703897322950	-1.03045913147090
-0.145533900564761	-0.308881803844345	-1.02551790430425
-0.144823051769262	-0.336691059931340	-1.02594120569154
-0.143482460168296	-0.364465271403871	-1.03072255522446
-0.141824819683915	-0.392251556202559	-1.03921369875999
-0.140705867335895	-0.420020336955507	-1.04683228563486
-0.139731429251209	-0.448295320768327	-1.04722040212824
-0.139449927260682	-0.475792016106678	-1.03826847698153
-0.139382540776417	-0.503446083606737	-1.02533351382242
-0.138993120669309	-0.530961283863080	-1.01349676955422
-0.138608831359981	-0.558307080649024	-1.00234824994461
-0.138264442351935	-0.585515881221177	-0.991370561103078
-0.137605332975286	-0.612714492979140	-0.985507790110578
-0.136961520259047	-0.639886885442488	-0.986368812126166
-0.135703560448944	-0.667898634503389	-1.00001619126446
-0.133279563433361	-0.696047944862376	-1.02265024117759
-0.133028829669458	-0.723526666303931	-1.05527589296656
-0.129179066068753	-0.755662511896207	-1.09920756740413
-0.128533107939031	-0.780255410552604	-1.08130942216758
-0.129026835488877	-0.806318519113595	-1.05499402628301
-0.128590787379545	-0.832875019838382	-1.04521514621933
-0.127853718736673	-0.859909755149133	-1.04850418619952
-0.126530783613177	-0.887464726847961	-1.06231966165257
-0.124235446709357	-0.916553455601120	-1.08437256324075
-0.122204403306579	-0.944979076972388	-1.10583312164301
-0.121140043662799	-0.972727552492844	-1.12102947150099
-0.119975966733120	-1.00033506140863	-1.13193919389407
-0.119153367947323	-1.02752742810532	-1.13757119486876
-0.118332629501098	-1.05450386188888	-1.13966319758233
-0.117572812306470	-1.08101008652300	-1.14002385524014
-0.117396381555381	-1.10769130239448	-1.14183454809299
-0.116646511284260	-1.13441979432718	-1.14724207785223
-0.115305311024607	-1.16189429316203	-1.15981925693551
-0.113701086208055	-1.19015249443850	-1.17784724674450
-0.112136340389744	-1.21877025573593	-1.20292562693169
-0.123735663314969	-0.0231517667240303	-1.10919103600124
-0.123392024029972	-0.0521622408503677	-1.10014717242548
-0.123235295424970	-0.0813370257053861	-1.08617976950838
-0.121947689592390	-0.109560366076374	-1.08138926043595
-0.121346357977265	-0.138154133733433	-1.07155461418573
-0.121281862906005	-0.166695536823320	-1.05776258484406
-0.120701326077619	-0.195361419722371	-1.04619054357626
-0.120412221459557	-0.223642587522595	-1.03438936367907
-0.119688005422065	-0.251824213858186	-1.02217284697615
-0.119182556179640	-0.279940147611607	-1.01345135564171
-0.118617599348274	-0.308001670985235	-1.01181494551001
-0.117176498810153	-0.335680074376806	-1.01428844832121
-0.115712983089239	-0.363452493297127	-1.02017150311394
-0.114368346182991	-0.391163024622009	-1.02765802895105
-0.113435503840304	-0.418974065023759	-1.03140585827032
-0.112687151731609	-0.447094953614818	-1.02860777117772
-0.112266380596612	-0.474629951195671	-1.01751336163561
-0.112487627221652	-0.502082016555138	-1.00296823958125
-0.112382522838510	-0.529516716165190	-0.989604919239707
-0.112483654362078	-0.556800267393577	-0.976792536806689
-0.112266099662456	-0.583967862403153	-0.965873597335361
-0.111525703557524	-0.611015398501484	-0.959282740688891
-0.110733119491235	-0.638309283953746	-0.962022143429493
-0.109096535512164	-0.666084226606124	-0.979038147934069
-0.106815119703084	-0.694368523567384	-0.998553275431358
-0.106324833657880	-0.720021751104001	-1.02894230868572
-0.0992579766321928	-0.754546018956865	-1.10285243290232
-0.101999161686999	-0.779996169036947	-1.07515978534546
-0.103074919046889	-0.803607951488465	-1.02513752544079
-0.102909481704386	-0.829905396581076	-1.01176348745117
-0.102336103951490	-0.856805465386520	-1.01103615508760
-0.101065292188564	-0.883516754393286	-1.02210691273051
-0.0982822511859017	-0.913304108343683	-1.04844255021236
-0.0963285680268355	-0.942068234416688	-1.07823462107176
-0.0947337746055056	-0.970107954959346	-1.09895188570367
-0.0933693165262005	-0.997978101483637	-1.11229309952578
-0.0925407264333951	-1.02515151551982	-1.11919313201920
-0.0920707907588693	-1.05208329811111	-1.12105938878445
-0.0914314282357314	-1.07834018424117	-1.11998449017459
-0.0907523265760378	-1.10488429612940	-1.12113592632411
-0.0900018670169893	-1.13161714261007	-1.12724861599391
-0.0890413203672718	-1.15916400625484	-1.13915081783818
-0.0876140192926934	-1.18667497170459	-1.15481794477308
-0.0862545736377001	-1.21542695974104	-1.17855227159229
-0.0838408438496863	-1.24493136066765	-1.21355810156093
-0.0953241846189069	-0.0219936329909942	-1.10799915832431
-0.0947625849582964	-0.0510031507588204	-1.09880844131263
-0.0946481865986409	-0.0802357422919926	-1.08174878212618
-0.0943086135384672	-0.108750372923426	-1.06912691260077
-0.0945415423958409	-0.137778453733907	-1.05014921613192
-0.0944054512347442	-0.166395115345145	-1.03280345305026
-0.0942457225641142	-0.194977636948104	-1.01900164632290
-0.0938454382561598	-0.223247963584069	-1.00579026591024
-0.0931900262829492	-0.251426634611689	-0.993827372806303
-0.0927230386656205	-0.279252735042035	-0.988441110311971
-0.0917181806210333	-0.307174136772118	-0.984116932109356
-0.0921483926007359	-0.335062650277287	-0.961602431757726
-0.0926212972264074	-0.362954602280322	-0.941560954804451
-0.0912488680350247	-0.390394307989334	-0.949612226299070
-0.0892675300941259	-0.418320791997054	-0.972021530307625
-0.0869052745771827	-0.446066756349604	-0.996363247633319
-0.0859139029650996	-0.473369150920011	-0.995636911691983
-0.0858794633392689	-0.500801834595391	-0.979258206066667
-0.0863583239070100	-0.528183678963272	-0.963795473277122
-0.0860955724761980	-0.555291331103628	-0.951157270253560
-0.0859853902825384	-0.582387327936106	-0.942251907955397
-0.0852763760974614	-0.609374205123017	-0.936875343795685
-0.0846448338996064	-0.636714462029599	-0.941757033526344
-0.0827253340354906	-0.664512828006613	-0.958358250059406
-0.0811668736679204	-0.691749399602948	-0.971889658862163
-0.0788563743021362	-0.717967013847958	-1.02459567000917
-0.0676608700384342	-0.757083437208135	-1.13863948363654
-0.0701401214899949	-0.780552511309282	-1.10347666249541
-0.0768034995439956	-0.801613074277792	-1.01081248103319
-0.0767227364766878	-0.827654967517883	-0.988196426538715
-0.0762684355655164	-0.854243327118901	-0.984138711924722
-0.0753758204682849	-0.880997752800474	-0.991411254650467
-0.0732482923884146	-0.909749997504779	-1.01601033501953
-0.0703849025901422	-0.939416583511341	-1.05266601799085
-0.0683718520251580	-0.967990731328947	-1.08153813432809
-0.0664138156246275	-0.995843151598374	-1.09746432582023
-0.0655836548088247	-1.02313845890326	-1.10468878709615
-0.0653723120368859	-1.04977706900954	-1.10534233509999
-0.0652509552211056	-1.07594934062948	-1.10328804172377
-0.0645432711851345	-1.10235536083688	-1.10398504874163
-0.0639095339092918	-1.12892570736403	-1.10955085097813
-0.0626695394308391	-1.15650961782552	-1.12186023528965
-0.0612410795387227	-1.18427181766761	-1.13791983274256
-0.0597097977528920	-1.21241158696707	-1.15963193757657
-0.0572784423605126	-1.24185377149567	-1.19358905505511
-0.0679967304197337	-0.0218504830064354	-1.09259455291762
-0.0672067198217661	-0.0505367370700695	-1.08421392511877
-0.0671979485654689	-0.0796347887520864	-1.06639535787930
-0.0677049901715600	-0.108737120578431	-1.04285768262613
-0.0681509269252227	-0.137793862520518	-1.01604093499455
-0.0686196126901790	-0.166519617131526	-0.994657667088120
-0.0688378208532745	-0.195225327753534	-0.977225073796530
-0.0684227899762645	-0.223401740316595	-0.962626036323843
-0.0679673646530921	-0.251257898259007	-0.952669417401981
-0.0673045748582097	-0.278848964430176	-0.942188056571462
-0.0685343990068278	-0.307188112358964	-0.904434512796091
-0.0718809848570339	-0.335503102648117	-0.853914045712818
-0.0719343417807493	-0.362686018141874	-0.841423581034751
-0.0688724560273163	-0.390199864376679	-0.866576637320666
-0.0647307383316503	-0.416972896308578	-0.911168593955145
-0.0611470427621462	-0.444832390685701	-0.957888060715463
-0.0596393417800352	-0.472115195452588	-0.968680414545132
-0.0597030361545105	-0.499432462269028	-0.951717348176644
-0.0602721710161816	-0.526829488860265	-0.937472290442609
-0.0601179195608508	-0.553808767961799	-0.927237520445498
-0.0598091107503168	-0.580868592897273	-0.921044959197598
-0.0588014956026823	-0.607876988098444	-0.918220858185437
-0.0577814715300370	-0.635279336924666	-0.924329269409645
-0.0562705959960484	-0.662865628296114	-0.937910028596440
-0.0557378419505040	-0.689929376147945	-0.953568837027884
-0.0473748358735450	-0.720547138221446	-1.04128690319221
-0.0404218317713394	-0.754845586198479	-1.14586460411362
-0.0424928689256058	-0.779068123916556	-1.10871300583341
-0.0489100944031221	-0.800328318446322	-1.00744472793404
-0.0497727096099770	-0.825911990137288	-0.973120436597379
-0.0499727074881182	-0.852043659456257	-0.965492302497998
-0.0489092685492622	-0.878921192737354	-0.970687833330382
-0.0473771232136863	-0.906951507502163	-0.990445819329884
-0.0444521420979882	-0.936247188887646	-1.02673684737813
-0.0416177541669600	-0.966502747848130	-1.06746179824588
-0.0395252689269478	-0.994200244079837	-1.08777086764239
-0.0387361791607267	-1.02128612443135	-1.09411255870463
-0.0385452510879330	-1.04780617115224	-1.09303687670533
-0.0383807530856202	-1.07381981633925	-1.08994612526149
-0.0375732960751335	-1.10030220818533	-1.09074886532932
-0.0371096411440883	-1.12672769350515	-1.09593784544214
-0.0360665723625738	-1.15431194974002	-1.10846604375209
-0.0345797538675286	-1.18194078218616	-1.12394727659727
-0.0329237513833335	-1.20996386033306	-1.14429010535093
-0.0307895242241672	-1.23909655219143	-1.17624460588606
-0.0408941050828677	-0.0215635696243692	-1.07325374561088
-0.0404558537060562	-0.0504019463916178	-1.05889420137142
-0.0411177662366696	-0.0798856869032619	-1.03126168888913
-0.0430320918925912	-0.109591090510744	-0.994544953078981
-0.0436657730913481	-0.138662697275252	-0.962992476696447
-0.0440400126065611	-0.167402843287930	-0.941229924361307
-0.0443399538412912	-0.195625701607204	-0.921852940415184
-0.0440624643020028	-0.223604528800978	-0.901693419393481
-0.0442056398532238	-0.251563174880923	-0.882781314299634
-0.0458751910193842	-0.279756535958901	-0.848119483696612
-0.0484167111604661	-0.308173024378865	-0.803589654619194
-0.0485705850799562	-0.335108594306126	-0.783697001472398
-0.0465921823380457	-0.361874792427246	-0.796838460683317
-0.0434952923324693	-0.388937325310794	-0.837428567422327
-0.0382764959473536	-0.416081468051923	-0.894230074309623
-0.0351291028008237	-0.443496674468628	-0.932549695896015
-0.0339109200363805	-0.470858475143343	-0.938552995876318
-0.0343795960372620	-0.498090575665786	-0.924401443912548
-0.0341389719125073	-0.525353492723578	-0.914454050914041
-0.0337983163700968	-0.552434844759559	-0.907987360761502
-0.0333898284471530	-0.579480959258180	-0.904052181354163
-0.0326890998410508	-0.606499780481707	-0.902554218045725
-0.0317043329939431	-0.633920624375047	-0.908942546777768
-0.0302618345958758	-0.661380959789050	-0.921551614837964
-0.0288024656412474	-0.688542999982324	-0.940593731323633
-0.0223631779495339	-0.716327194639140	-1.02089989668838
-0.0189958941689107	-0.752118684190514	-1.10706687233017
-0.0153044115258024	-0.780059552683401	-1.09866299603569
-0.0211253657277976	-0.799664885734858	-1.01255756880541
-0.0233621531993510	-0.824474639400122	-0.965638438331484
-0.0234202858705530	-0.850294564933890	-0.954479880975516
-0.0225708105245239	-0.877407825881896	-0.958702298937603
-0.0210885733341795	-0.905110818502659	-0.973330392247463
-0.0195730004394771	-0.932839712159337	-1.00194378458025
-0.0147982438873383	-0.964748526313711	-1.05543704939545
-0.0123246357075444	-0.993006974970551	-1.08220829579710
-0.0117515733477546	-1.01980095307050	-1.08668369412316
-0.0115309277887795	-1.04621034432020	-1.08408299846216
-0.0114905215506733	-1.07215106880517	-1.08076970667474
-0.0109478433668915	-1.09862063926319	-1.08172745472847
-0.0100870730482433	-1.12494942245694	-1.08664690901311
-0.00930125275112768	-1.15256943324695	-1.09823756596322
-0.00795723501013985	-1.17982681685086	-1.11215788982603
-0.00653449017132363	-1.20794549823635	-1.13303727088205
-0.00419564542927510	-1.23708417238034	-1.16442835722291
-0.000409862475809561	-1.26815344460776	-1.21395934714421
-0.0148940224283546	-0.0222613890677086	-1.03380832176653
-0.0153638112717342	-0.0515743415892838	-1.00656521558408
-0.0179205718671656	-0.0820466036032449	-0.963104378744740
-0.0196642649609863	-0.111707862002889	-0.924222614447752
-0.0202432506952921	-0.139989010994283	-0.899754330853509
-0.0203575049944547	-0.168357012053223	-0.878422706086374
-0.0213229012817559	-0.196657938829047	-0.848421487690857
-0.0229140829934028	-0.225140240107246	-0.815189108126614
-0.0240295248221418	-0.253034075601107	-0.788716679893395
-0.0247005867890397	-0.280700913259737	-0.761074404039317
-0.0250522878992235	-0.307867029861026	-0.743369335635849
-0.0242153313135474	-0.334363973863306	-0.743872267285751
-0.0211683839768333	-0.361247815708079	-0.762574031688305
-0.0180231527287171	-0.387345512566985	-0.801417781039461
-0.0121877098205785	-0.415900026154402	-0.865991161258890
-0.00964500696348792	-0.442311002037106	-0.905655443540344
-0.00868691019852730	-0.469651388880206	-0.909979843418407
-0.00855198804332663	-0.496795539791522	-0.902506245886711
-0.00769279567719629	-0.524044184740362	-0.897660145608399
-0.00705047887650396	-0.551191110555367	-0.895477780925400
-0.00659267693201753	-0.578233996401481	-0.893918861230852
-0.00610504501128160	-0.605215833712893	-0.891229091071323
-0.00510668369088351	-0.632505177973676	-0.895663582397869
-0.00360408878155156	-0.659780884556766	-0.909128386422942
-0.00106855412555542	-0.687426684779996	-0.936575417418323
0.00566027098366300	-0.716594377140921	-1.00426680652018
0.0119888699400908	-0.745526508240890	-1.06516972416286
0.0110289331702900	-0.778289489678772	-1.07397722286868
0.00720174758122897	-0.799446468524981	-1.01847351859910
0.00358536769324548	-0.823340853060719	-0.963501157220568
0.00366208994317984	-0.849189502115568	-0.949561797260820
0.00410577024077926	-0.876145643328104	-0.952261984946029
0.00532254975234327	-0.903692526916440	-0.962992455126051
0.00612096587129850	-0.930537038919333	-0.983349730687069
0.0127954655094530	-0.963884808260146	-1.04826427739417
0.0152011337991983	-0.991921806172522	-1.07976135399236
0.0155050344009831	-1.01831172342663	-1.08032652063052
0.0153948773162647	-1.04438728549062	-1.07604412460191
0.0156030353872424	-1.07072273558690	-1.07350142779477
0.0158087402472698	-1.09706642496441	-1.07413481647711
0.0167134956094346	-1.12348178655731	-1.07908597733248
0.0176849801248014	-1.15083483929308	-1.09005409289660
0.0186815790748932	-1.17806105184679	-1.10405276110028
0.0203376176033464	-1.20624185777363	-1.12539526679715
0.0225807618869898	-1.23535330661624	-1.15649055059575
0.0259854264641234	-1.26660796013051	-1.20360709571092
0.00793556034560604	-0.0251414507522751	-0.961893065542867
0.00611232223086215	-0.0552648502052867	-0.925268394472069
0.00448698781201120	-0.0847946645140356	-0.886393643345063
0.00333649556396691	-0.113152517584927	-0.860516323373487
0.00335596215286467	-0.141296414025437	-0.840872566905323
0.00277961314573354	-0.169459744774452	-0.816240828011187
0.00115715447088702	-0.197793770661156	-0.782473576832813
-6.84669150042290e-06	-0.225821885025836	-0.752487347865715
-0.000747403433794794	-0.253180054184674	-0.732078156153026
-0.000690292058240082	-0.280390015737201	-0.716480913352021
-0.000296584770484452	-0.307246138193454	-0.708453154591285
0.000743136692698605	-0.333770871206406	-0.713233876146196
0.00279436907191437	-0.360770478715639	-0.730108010759641
0.00633137931168123	-0.386945379794238	-0.759032063182040
0.0111183375551581	-0.414051623084894	-0.815076174122801
0.0156548069887567	-0.441346962785164	-0.869171849694554
0.0175039349255828	-0.468434026160217	-0.888222747385617
0.0181063330277196	-0.495579071610850	-0.888778788272120
0.0191196713640607	-0.522957607203860	-0.889727950402077
0.0199408667193800	-0.550056377003227	-0.891919645961658
0.0208925673939014	-0.577283173614836	-0.893180859582875
0.0211110592768179	-0.604096342213778	-0.888232937486543
0.0215190576366224	-0.631151790213534	-0.886914095612689
0.0226478943102163	-0.658268683569707	-0.898019092313130
0.0254620423996639	-0.686365241940472	-0.930143671664677
0.0315912120270370	-0.716622376981457	-0.999629295670122
0.0358081240212270	-0.744368924385380	-1.04895883555736
0.0353364814426854	-0.774181453635933	-1.05537436624754
0.0349254501810356	-0.800028104803107	-1.02068499046176
0.0307878011661107	-0.822280798750810	-0.962841838222161
0.0303686211057505	-0.848106517274271	-0.946676956821186
0.0309201867087541	-0.875031649693694	-0.948601632543863
0.0323279746219621	-0.902494768153403	-0.957220505021918
0.0320605007767732	-0.927799449000128	-0.965432200607244
0.0389482379926597	-0.961229052306037	-1.03527220344077
0.0425378249200750	-0.991182784983664	-1.07892833895183
0.0426970162865716	-1.01705534567445	-1.07641600652480
0.0422987943747166	-1.04305081475176	-1.07047315051549
0.0424461959783788	-1.06927653824081	-1.06767722206845
0.0428853320892818	-1.09545288031853	-1.06796660755521
0.0432956414749914	-1.12203474057066	-1.07314004701905
0.0445134005921937	-1.14929625577510	-1.08432401694294
0.0457163957264231	-1.17681011870800	-1.09932225221596
0.0476189916966151	-1.20483243481460	-1.12086225220994
0.0498588910394872	-1.23392695305054	-1.15136714336892
0.0533698755788687	-1.26495634149512	-1.19829461439336
0.0313371374950113	-0.0273938899886178	-0.903953876184622
0.0301091110397278	-0.0567296256848314	-0.873083987428110
0.0294243028111598	-0.0852531670037846	-0.846261214352108
0.0285394559064236	-0.113415809700798	-0.824798565557745
0.0278122231870078	-0.141742745325875	-0.802948220533142
0.0271054910923839	-0.169724129452462	-0.776587965361046
0.0258116454940775	-0.197819510421189	-0.747096160067630
0.0250243297160739	-0.225437498348576	-0.722937256006918
0.0245472835422000	-0.252733043944342	-0.705118616872050
0.0245067110498066	-0.279731700436223	-0.692658270113344
0.0248749508606897	-0.306433394064396	-0.686776749918585
0.0263087087782214	-0.333029728337995	-0.691085364604592
0.0277308012561733	-0.359853630929578	-0.703825113070172
0.0299143122080872	-0.386193049311104	-0.724420651461249
0.0332653342994824	-0.412772541277429	-0.761146801167188
0.0385995169155347	-0.440197799152524	-0.816805740902338
0.0438119456481343	-0.467299361928091	-0.866831807842324
0.0450540609413386	-0.494580647390827	-0.883811766420632
0.0467198939615497	-0.521933613713835	-0.890516097467057
0.0473547388977312	-0.549163198243632	-0.895245049935002
0.0484384740849980	-0.576399071442193	-0.898116962760652
0.0483766786559040	-0.603174513472807	-0.890817124014298
0.0485091006216562	-0.629984979729124	-0.882342973860568
0.0495162747956921	-0.657072150625725	-0.889480213793756
0.0523013155254044	-0.685092819136855	-0.921786613309463
0.0594116445507206	-0.715347364082035	-0.992266167433360
0.0636829343337607	-0.742494420521735	-1.04693174939559
0.0642946688234187	-0.771515780361986	-1.05421196459241
0.0627939455903381	-0.799973137592001	-1.02153720917127
0.0578751204407915	-0.821215797331235	-0.962838648441535
0.0578508736305207	-0.846969360428521	-0.944832798927160
0.0581512838973885	-0.873917347229479	-0.946280485128053
0.0593138960144511	-0.901335416379560	-0.954934655647009
0.0595203339468526	-0.927415424841941	-0.966445578168722
0.0668705571834373	-0.961108376197280	-1.03777558273047
0.0702731505444980	-0.990333086144200	-1.07930126671737
0.0701634531187304	-1.01615491918257	-1.07585603023701
0.0697482922319168	-1.04230162506682	-1.06970517936180
0.0695488344696780	-1.06807109485765	-1.06476665454539
0.0697256048748297	-1.09424978542099	-1.06483486475802
0.0705667797687274	-1.12095073835667	-1.07088925105486
0.0717236948563633	-1.14827758565088	-1.08200742498903
0.0726346552519386	-1.17571379847672	-1.09684359508477
0.0746186908737330	-1.20377531296867	-1.11791035674946
0.0766397025026535	-1.23269766684792	-1.14768047430780
0.0799785887891153	-1.26331344264003	-1.19308164518216
0.0573982021947141	-0.0274011633595038	-0.879762882053902
0.0564144628983591	-0.0562912997475660	-0.854433391076239
0.0554356071320959	-0.0846051370793992	-0.831069752603332
0.0548461483660306	-0.112730590956553	-0.809341879350172
0.0542517639304762	-0.141132475143909	-0.785138016871315
0.0528132680087338	-0.169311197799858	-0.757215808050320
0.0515815579985771	-0.197217354177698	-0.729651184393771
0.0508214156140427	-0.224723073073833	-0.707851176263830
0.0503784146148434	-0.251979857768266	-0.690702719339405
0.0502026953561668	-0.278940556445088	-0.679328150363157
0.0506903165639604	-0.305546605723336	-0.674021941291521
0.0517269690962967	-0.332338443749308	-0.678379450794643
0.0532818087114853	-0.358872983613272	-0.688945258798602
0.0554252860873212	-0.385373491366750	-0.706655303373473
0.0584704816472928	-0.411976647966634	-0.736946161114720
0.0622758292233289	-0.438986660773097	-0.780943785622783
0.0686928855923422	-0.466349568248673	-0.845695924885566
0.0725574576418566	-0.493659572541053	-0.881131527564610
0.0738712176350425	-0.520994214743943	-0.891099179561285
0.0750345317017897	-0.548176556207860	-0.896064310991555
0.0761903595211502	-0.575480777082418	-0.898692642074228
0.0759633182705171	-0.602185936361779	-0.890148706029605
0.0751716495636285	-0.628977225822801	-0.879247737019061
0.0761822525360773	-0.655914548524239	-0.884228051043144
0.0789504622209681	-0.683845096302059	-0.913831215518164
0.0852169407425780	-0.713708266618900	-0.980193480467964
0.0922280017082195	-0.742066513705044	-1.04852286022545
0.0926714107318083	-0.771280482582009	-1.06483161297643
0.0908293342950364	-0.799729297199339	-1.02617578936799
0.0852397514543237	-0.820162036517699	-0.962667780694709
0.0849080707443539	-0.845871387655258	-0.942497316276409
0.0853018581560674	-0.872849949528700	-0.943587670486916
0.0864839757078922	-0.900252941524616	-0.953165499691529
0.0875035364110654	-0.926813269695707	-0.970091730177691
0.0947097959936856	-0.960354512598466	-1.03870924404695
0.0976394701680447	-0.989076998432657	-1.07697401323374
0.0975127852302201	-1.01529859843296	-1.07663296786719
0.0973406296784151	-1.04136809511111	-1.07127628430343
0.0969436717653436	-1.06717975303848	-1.06551675273536
0.0971676597121711	-1.09342611352445	-1.06523766713459
0.0978967460739156	-1.12001167211637	-1.07099151864260
0.0991818553972071	-1.14747163876956	-1.08224517467099
0.100149137750603	-1.17479102059544	-1.09651443120655
0.101624599933753	-1.20275845335770	-1.11641128096719
0.104674493415617	-1.23179344800104	-1.14722199503929
0.108269513947076	-1.26273023210376	-1.19210400015291
0.0844571374334868	-0.0266048179859263	-0.871991731070474
0.0833183121843939	-0.0554540357930423	-0.848106520944313
0.0826454391458767	-0.0836941770195748	-0.826106071664917
0.0820544375774404	-0.111710574178788	-0.805162695409114
0.0808253086660573	-0.140118184780652	-0.780746884096265
0.0792680636603979	-0.168346912225042	-0.752210271553664
0.0778415356047259	-0.196214984532716	-0.724748791925244
0.0773001491267421	-0.223736116339395	-0.703274783586965
0.0765963705250936	-0.250995711671784	-0.686279438341800
0.0765910031539187	-0.278029789509481	-0.674749544898820
0.0768587332409173	-0.304537158645219	-0.669901263925670
0.0779717742434134	-0.331286760680744	-0.674617863634315
0.0800903613137038	-0.357839597021624	-0.684759283223061
0.0817987743960082	-0.384343329090113	-0.702062602454459
0.0850445258774974	-0.410860174654773	-0.733133502823042
0.0894317374720636	-0.437850129220336	-0.780538234389812
0.0962491833726744	-0.465323448567382	-0.842573690801657
0.0992601415467822	-0.492437698406952	-0.874477455449546
0.100350095893076	-0.519852721795129	-0.882914261340404
0.101521069858050	-0.546981048695930	-0.887147880534384
0.102540239112384	-0.574234855827457	-0.889391153460288
0.102640339697051	-0.600991112522927	-0.882626362097008
0.102491914096776	-0.627841677010966	-0.876243413771729
0.103804594867325	-0.654809765063182	-0.882967903328525
0.105892796696477	-0.682686858529478	-0.910114906685458
0.111340215029906	-0.712314455300109	-0.971696954772073
0.119801801732712	-0.741412480168025	-1.04591229582427
0.124521518593718	-0.771663503815455	-1.07021521272741
0.119049396563563	-0.798204261483178	-1.02874661857690
0.112303946599740	-0.819280283253989	-0.961807629871991
0.111396274716588	-0.844834912379559	-0.940842716518011
0.111947107174884	-0.871610020200593	-0.941327412550001
0.113134165154468	-0.899210321693014	-0.950904828743928
0.114234682404479	-0.925775088199210	-0.969459126584375
0.121617427742429	-0.958380050743190	-1.03345679858463
0.125027413498507	-0.987799883027940	-1.07337757328319
0.125510379768155	-1.01478626556339	-1.07971442738229
0.125471175783785	-1.04106279286353	-1.07673308398234
0.124909051818342	-1.06679962994237	-1.07096310825857
0.125318768289997	-1.09305215489826	-1.06989818660985
0.125417869932718	-1.11940316363425	-1.07423396815859
0.126635702250014	-1.14685549080520	-1.08488923324643
0.127521571510233	-1.17424040341762	-1.09911810059004
0.129239917030738	-1.20201453177674	-1.11837708157165
0.132093105891415	-1.23121865349722	-1.14945853314931
0.135958344361909	-1.26192402816792	-1.19336877590610
0.111977999390768	-0.0253033707310498	-0.875859783458821
0.110831376474985	-0.0541839893555237	-0.851800283571346
0.110068606704549	-0.0823857190088210	-0.830707567051145
0.109631945988982	-0.110290859055772	-0.812258421262917
0.108668255389135	-0.138689168567375	-0.790415739840049
0.107179075220292	-0.166883846774319	-0.762234257730952
0.105480582515962	-0.194985343650516	-0.732130293725058
0.104475552134692	-0.222603082421574	-0.708262962532229
0.103844289957675	-0.249900917463824	-0.690667029901418
0.103866676566489	-0.276770286841260	-0.679221644695185
0.104086173644122	-0.303443304976040	-0.674550949456120
0.105252577363977	-0.330158482673607	-0.678836269306878
0.107092103864838	-0.356755126750986	-0.689553322158072
0.108716321559349	-0.383238934702862	-0.707072263313193
0.112278536091692	-0.409802762434774	-0.745442619927538
0.120112979928319	-0.436978787679234	-0.808704033465652
0.124989571937221	-0.464251647465388	-0.856051926375802
0.126114887055430	-0.491283930328645	-0.870192630764986
0.127019529746923	-0.518734853445085	-0.874467352465083
0.127826124915051	-0.545833504557964	-0.877006092702006
0.128787213880552	-0.572920744405245	-0.878609136216297
0.128999384207348	-0.599707787793286	-0.874695964699455
0.129595775840338	-0.626837693106604	-0.875123281487591
0.130747325997936	-0.654076691573513	-0.884956088882736
0.133488859920789	-0.681513710162167	-0.909467787187494
0.138524746253049	-0.710855073615880	-0.962776249148330
0.145143894109202	-0.741013403880189	-1.03537246243344
0.150328126483787	-0.771148742023555	-1.07039027186444
0.146607254173728	-0.795851387249082	-1.03135009722366
0.139760489639718	-0.818510013795504	-0.963285131740279
0.138638079306417	-0.843969457253165	-0.941363337017836
0.139356088117655	-0.870694380793353	-0.940907970853668
0.140431197610039	-0.898152954315221	-0.950565973022000
0.142348336806398	-0.925360282271432	-0.975482649139636
0.149822275698646	-0.957917145626507	-1.03711857073436
0.152245055018491	-0.986590578949432	-1.07082295425920
0.153443824434829	-1.01419659040987	-1.08321937472240
0.153814257295246	-1.04094463960897	-1.08514679494907
0.153574898248582	-1.06676928563919	-1.08077301184993
0.153332225746700	-1.09298630535851	-1.07891175786574
0.153630453743456	-1.11941117193033	-1.08239003411547
0.154553126202665	-1.14659694593081	-1.09210363687023
0.155960880182926	-1.17414411903100	-1.10641289935722
0.157194486477063	-1.20199335607109	-1.12568699281569
0.159971857554698	-1.23107644918195	-1.15556895528312
0.163509916479519	-1.26171766399487	-1.19824690898926
0.141279955553350	-0.0230083568374943	-0.897116214613174
0.139836476018982	-0.0521044906854335	-0.872324758575946
0.138846091860291	-0.0805080035274216	-0.849482485329628
0.138510510168569	-0.108530071348712	-0.832492489377527
0.138107373122827	-0.136681729320395	-0.815051257532640
0.137016180759906	-0.164730481835597	-0.789823531371953
0.134652197137019	-0.193101279043014	-0.756128889462376
0.132822452456728	-0.221026318265292	-0.726061779163722
0.131567538903921	-0.248501047852677	-0.705030218188727
0.131342484528897	-0.275536944880912	-0.691775470180770
0.131743034456973	-0.302246546763997	-0.685602343057914
0.132616719488403	-0.328823554977211	-0.689573408260361
0.134482053922881	-0.355685553195302	-0.702632830562776
0.136948684544891	-0.381994555020999	-0.728377954495640
0.143794691596910	-0.408837580235917	-0.788633840039459
0.151123484305131	-0.435981904019705	-0.848805938854043
0.153148981963570	-0.463148338859235	-0.871053355016723
0.153685618825190	-0.490335529734882	-0.875240168635087
0.154233974570004	-0.517658270050100	-0.876598736934789
0.155219267635377	-0.544730551313610	-0.876660827121880
0.156027212945193	-0.571826720414939	-0.876695999515867
0.156112677731636	-0.598725191075513	-0.874704945663814
0.157142005108019	-0.625988045493118	-0.878551429342347
0.158497476441079	-0.653138501097756	-0.889721998567074
0.161459586983265	-0.680851615037380	-0.909722590382227
0.163646631004778	-0.708085166779859	-0.929070475945148
0.167514951776523	-0.736254643317327	-0.983267935643032
0.176664969393405	-0.771191558117221	-1.06550703620161
0.175871285306260	-0.795395391389778	-1.04292892116009
0.167707596479006	-0.817736181828689	-0.968718140744564
0.166567953717265	-0.843363098020448	-0.945446046523113
0.166837235043124	-0.869884838392269	-0.943984652786773
0.167928598285850	-0.897447052134068	-0.954466885341822
0.170580846589901	-0.925086591421174	-0.981171094152362
0.176223218388941	-0.956185661891618	-1.03318363401866
0.179684310034436	-0.985565306641283	-1.06985365435901
0.181501542596098	-1.01364045831068	-1.08786077534807
0.182213941141515	-1.04078771386279	-1.09390148958641
0.182170193572119	-1.06710352723205	-1.09228821446711
0.181708532838178	-1.09319482046804	-1.09006266751007
0.181739749761339	-1.11950369049871	-1.09247922809955
0.182931403010456	-1.14671204893175	-1.10181155232966
0.184279928765241	-1.17429810766436	-1.11620208247840
0.186068549067677	-1.20208240943627	-1.13552441319667
0.188590198307397	-1.23129537345634	-1.16477889874993
0.192104456800891	-1.26180849054067	-1.20651122984959
0.173848431906653	-0.0188227903834797	-0.950151217179464
0.172761354165611	-0.0479692385460635	-0.928916627121811
0.170293204439644	-0.0773417517492584	-0.898549399493855
0.169877148222985	-0.105763274696910	-0.873972215104786
0.169475101465453	-0.133733891741523	-0.856469439657021
0.168650151906564	-0.161923633784961	-0.836873646512894
0.166862392974768	-0.190219426777946	-0.807104566866578
0.164407429361382	-0.218607968593311	-0.772344541374436
0.161817501380913	-0.246579807027868	-0.743424410136474
0.160933981995920	-0.273915211936808	-0.721443334425917
0.160432186556784	-0.300826707454066	-0.708210046924691
0.161543948606082	-0.327420739271950	-0.710033108395253
0.164048078750851	-0.354466767800947	-0.727241173510547
0.168061954919130	-0.380570231435412	-0.768287192380527
0.178032625586921	-0.407739663277305	-0.839712246887500
0.180702022189567	-0.434927340366065	-0.877658187442670
0.182327245034677	-0.462208382673027	-0.889957623263794
0.182679256559344	-0.489400950067954	-0.892161732288969
0.183540252934864	-0.516828031879314	-0.890609409462138
0.183709696396311	-0.543953159740181	-0.888052972518348
0.184217653620921	-0.570993719137760	-0.886199072627943
0.184546298546524	-0.597874296250192	-0.883724267196642
0.185132803822525	-0.625237661463395	-0.887032346459101
0.186786650235633	-0.652536362417178	-0.898343707754970
0.189437032457162	-0.680096745749738	-0.914598506958473
0.187758271277621	-0.705984072408357	-0.907237761232997
0.189782117266427	-0.732357993849232	-0.940049281363050
0.205270799659948	-0.769707807678455	-1.06025499907355
0.205599747982036	-0.795466686012649	-1.05519117123136
0.196109225914029	-0.817134461133229	-0.976532936484355
0.194842336928079	-0.842946877463186	-0.953658062757465
0.194983935728170	-0.869412189931967	-0.952557622588528
0.196254860485251	-0.897287784980703	-0.964766848328561
0.198828682951833	-0.925147845284560	-0.992961130802384
0.204252207885662	-0.955624300163607	-1.03783481354739
0.208383410514558	-0.985191417044068	-1.07534108326721
0.210080901015555	-1.01314444983022	-1.09450318790026
0.210814876207688	-1.04058156986316	-1.10265421737984
0.211004519734487	-1.06706503577146	-1.10324671662518
0.210753786547478	-1.09340387753023	-1.10207821641456
0.210639887969487	-1.11985605135186	-1.10420353914566
0.211530130674240	-1.14678501799320	-1.11304332674740
0.212884624513331	-1.17470759999710	-1.12821241012772
0.215051143285126	-1.20258786485790	-1.14810660411262
0.217562875785635	-1.23186351145130	-1.17712805126491
0.220969607495231	-1.26224447459797	-1.21990442422392
0.209439689654396	-0.0134124034415386	-1.01953518510703
0.209561137407639	-0.0419627164419615	-1.00963963631179
0.207229843877588	-0.0716392800054905	-0.980805834225299
0.203922983271899	-0.101527696753049	-0.942435276287404
0.202112344878416	-0.130440145887844	-0.912083929605646
0.200805683524667	-0.158938762590439	-0.892178210652493
0.200566753551587	-0.186853907854379	-0.873633813277547
0.199375679093580	-0.215093900013529	-0.850033145948729
0.197557631601737	-0.243152707583048	-0.823871419458080
0.194329601571418	-0.271339420727045	-0.790673157239529
0.191241688621741	-0.299221703077745	-0.754258521476318
0.191119217524053	-0.326002604126696	-0.740975850416669
0.193425622613984	-0.352975783980888	-0.755805379584803
0.197873701257304	-0.379521237432351	-0.796549096030417
0.206380130204621	-0.406682556475078	-0.857370526042030
0.209381751819240	-0.433731261014632	-0.892958325469187
0.212458823696303	-0.461362092959517	-0.915476567803135
0.213005935125938	-0.488613366001498	-0.918007201339364
0.212947130196487	-0.516033075641765	-0.911670449361007
0.213021224322754	-0.543283319396461	-0.906420060680725
0.213301389483413	-0.570348775560664	-0.902479830273238
0.213065712032119	-0.597321399599231	-0.898311589280117
0.213890675151577	-0.624550732093062	-0.898872105860128
0.215596784799666	-0.651910079136775	-0.909072658593239
0.217496614161006	-0.679510738143260	-0.927711158089467
0.219317975407968	-0.707257380284842	-0.937274958169801
0.219998194493844	-0.732510823754144	-0.961112179529934
0.234010580526307	-0.768426961341875	-1.06571354937347
0.231817653577042	-0.793959541396234	-1.05377398813742
0.223963526659948	-0.816836291903383	-0.984799887068560
0.223365239522114	-0.842784148976834	-0.967796565501784
0.223769897188687	-0.869063772431554	-0.967590309507431
0.224898500654136	-0.897430561098795	-0.982799453208929
0.228899834965776	-0.925983390155717	-1.01316773860012
0.232955273406799	-0.955541934561501	-1.05190257643642
0.237043985976220	-0.984997568149027	-1.08517913383843
0.238511191980069	-1.01290498982253	-1.10333941826982
0.239536975836797	-1.04052098539731	-1.11307710192446
0.239780524775397	-1.06727247595923	-1.11551113011878
0.239528948169633	-1.09366662565752	-1.11566108043037
0.239523165718240	-1.12030155467406	-1.11849721390659
0.240895789239943	-1.14744845133042	-1.12848403281433
0.242508914600096	-1.17561320363128	-1.14489726365059
0.244633506381830	-1.20372978335445	-1.16567173293377
0.247234142791622	-1.23296567219853	-1.19527273594615
0.240567373602920	-0.0105634571321903	-1.05442799345609
0.240690913096991	-0.0391758846975135	-1.04948261347271
0.240286881963230	-0.0680642611908631	-1.03313669185261
0.238709002588584	-0.0974273447618717	-1.00493282452987
0.236381499162440	-0.126744064498826	-0.972170841685529
0.234200901938460	-0.155680059523530	-0.946688588706968
0.233527424434677	-0.184239320930347	-0.928858253499781
0.233002671163584	-0.212213141427191	-0.914922317767617
0.232999885245346	-0.239961231109440	-0.903702103250370
0.233321906034848	-0.267728328023215	-0.889233787186966
0.229028672515445	-0.296177872316372	-0.848836074689755
0.222983428253853	-0.324454246113936	-0.800254953263651
0.223072137635888	-0.351434992134278	-0.789904863900183
0.227375128241843	-0.378677748194416	-0.814993810225404
0.232082565940661	-0.405453406711678	-0.857751112909783
0.237518388656994	-0.432613127265293	-0.906223446821057
0.243444832601955	-0.460553729441296	-0.943375452896504
0.243040382054017	-0.487841722371731	-0.944346771186730
0.242497318639340	-0.515235114283275	-0.934644909792750
0.242575751213355	-0.542619981732756	-0.927169502971497
0.242591630543539	-0.569707175501904	-0.921196128585384
0.242572569125011	-0.596734043822071	-0.915870014351663
0.242759408211696	-0.623933911734046	-0.913995843326529
0.244284112885185	-0.651285269338503	-0.922077572845236
0.246366793401907	-0.678965097615435	-0.940849877214296
0.249574693202775	-0.707577576977431	-0.966113000735699
0.250150199021955	-0.731592992784539	-0.996404066109412
0.259955899042089	-0.770109037133660	-1.06971925721658
0.258938121908108	-0.793680793108042	-1.05043594242507
0.253978031003398	-0.816875340363002	-1.00263896148416
0.253670636953329	-0.843155101323841	-0.990665418638718
0.254028602966443	-0.869446803987818	-0.992351272212070
0.255215011610347	-0.898250683327042	-1.01071297665227
0.259495901138102	-0.927142690277882	-1.04151492981680
0.263157639168045	-0.956258952379994	-1.07367741045076
0.266188425275061	-0.985185554816188	-1.10072190688153
0.268018090219292	-1.01320138738037	-1.11697177754877
0.268689697923173	-1.04071316305016	-1.12621046701822
0.269017438265647	-1.06767182603403	-1.12978815735989
0.269079432491088	-1.09440177231488	-1.13209428729213
0.269384635309660	-1.12113655646709	-1.13692182230387
0.270252292751863	-1.14841240843366	-1.14759965884690
0.272151686893580	-1.17680305823281	-1.16441195521786
0.274084439414042	-1.20504833231392	-1.18690256131272
0.276900669618835	-1.23446636667859	-1.21870313282049
0.269221299466288	-0.00923112570805609	-1.06347033373749
0.270996932289284	-0.0371356499633474	-1.06501912745252
0.270093636520597	-0.0663101467602858	-1.05080822473862
0.269845294678182	-0.0950919887640730	-1.03357038351130
0.267879478917645	-0.124257375116325	-1.00960219732611
0.266575016030429	-0.152910879513322	-0.987309138567383
0.265707966591803	-0.181656128493727	-0.970822978327903
0.264872801950711	-0.209946752420174	-0.957251665997718
0.264582054492975	-0.237895012683186	-0.947536259188135
0.265143772442592	-0.265712624156372	-0.943253358363317
0.266500778675710	-0.293494214443347	-0.937309998302722
0.264424738047534	-0.321455483365838	-0.908769207294003
0.260593032247896	-0.349342832327688	-0.879589666135821
0.261064491736917	-0.377106489591451	-0.882753411231412
0.264222907468320	-0.404296006493428	-0.909847425811833
0.271398232965523	-0.431863802508794	-0.951557268038907
0.273983899060985	-0.459561472227394	-0.972177012413591
0.273428457011859	-0.487001828774644	-0.966675493655481
0.272964028049068	-0.514374287969090	-0.957220459350583
0.272638804295036	-0.541881840959827	-0.948950000646146
0.272502776008367	-0.569115418992039	-0.941701656649783
0.272384807047857	-0.596325723362874	-0.936418951631451
0.272470383164714	-0.623340404167689	-0.934207100499557
0.273476666924808	-0.650880816167322	-0.939966026135597
0.275485713414726	-0.678358916589872	-0.955426771638772
0.279138090099001	-0.706943376847937	-0.984028908875045
0.284619404236911	-0.733582205283100	-1.01984176838229
0.294370626428149	-0.765803053015566	-1.06373892417755
0.288834303922806	-0.792655018927189	-1.05904016808077
0.284943480256496	-0.817604398466424	-1.03296641180404
0.284550248379638	-0.844267248963713	-1.02384377872765
0.285490105842709	-0.871191447902703	-1.02937665112718
0.287630812463890	-0.899691612853941	-1.04821562832043
0.290922500331606	-0.929029813464549	-1.07574406032334
0.293768594519854	-0.957350790376983	-1.10053008863595
0.295923895145827	-0.985741892670920	-1.12013226708822
0.297209594268692	-1.01350628849572	-1.13300919548669
0.298124600266470	-1.04107560985539	-1.14178905173798
0.298372660319205	-1.06833317034926	-1.14730811185519
0.298857752350005	-1.09524233279841	-1.15185711540595
0.299665772699262	-1.12251354564524	-1.15928701217510
0.300249455320215	-1.14979297779169	-1.17021669231882
0.301939154016007	-1.17804772607030	-1.18754671696750
0.304665968907607	-1.20712836796334	-1.21500472540907
0.308832274719818	-1.23755533815186	-1.25975293194903
0.298490210246759	-0.00760027759765931	-1.06902648595570
0.300660345563583	-0.0351614673196843	-1.07533082500503
0.298607829249052	-0.0650873927364926	-1.05552173996746
0.298832815742840	-0.0936944414731900	-1.04256575794736
0.298210133906425	-0.122283519827466	-1.02889139312944
0.296745006024214	-0.151094265141249	-1.01089464690418
0.296589861594467	-0.179704941317652	-0.997073508247203
0.295916977301034	-0.208019436152504	-0.985272022330132
0.295758883570807	-0.236103704457042	-0.975398274139431
0.295535574066206	-0.264026366499098	-0.967464895235846
0.296290273613832	-0.292183280788881	-0.965074796644805
0.297198649016616	-0.319831405543998	-0.964658739904018
0.298793400932981	-0.347495083450856	-0.965176706456733
0.300715561475938	-0.375105850669817	-0.970574847170666
0.301846424590992	-0.402827142427477	-0.980517929993565
0.302591928835556	-0.430973618113788	-0.989933883255282
0.303100803711718	-0.458486449289897	-0.990435827516838
0.302927077158444	-0.486124495178854	-0.984787762647597
0.302782899789954	-0.513592706449861	-0.977397652986486
0.302388003926787	-0.541179086505227	-0.970432658548415
0.302100212515549	-0.568511721298437	-0.963286362530992
0.301996321166635	-0.595761933200916	-0.958281037373669
0.302685060168459	-0.622919998363524	-0.957137904685175
0.303324918440276	-0.650696809929361	-0.963127071689691
0.305061462844477	-0.678244507958404	-0.976478962837415
0.307948501407472	-0.706338661964455	-1.00135973802881
0.313358874698283	-0.735409994018294	-1.03937769814197
0.319079331735775	-0.764949778208966	-1.07738752757375
0.318477726675811	-0.791958420235515	-1.07856985266063
0.316398786512611	-0.818516220758675	-1.06446345500127
0.316471044744784	-0.845476264731157	-1.06176011059347
0.318268698266946	-0.873331856638284	-1.07053031664611
0.318888758836595	-0.900657874518861	-1.08437125093579
0.321523541462629	-0.930225433234982	-1.10456173229357
0.324091524120923	-0.958202877436189	-1.12350185915977
0.325770172850100	-0.986184172290874	-1.13851976429972
0.326729699500874	-1.01400133692669	-1.15014927849190
0.327860202965578	-1.04167892599600	-1.16001770502930
0.328848860577188	-1.06933524895226	-1.16868066109777
0.329775208106835	-1.09669490846892	-1.17578800709530
0.330283598023957	-1.12394049465791	-1.18451762393116
0.331320198666933	-1.15168208958262	-1.19758750324361
0.332921052815360	-1.18000563683410	-1.21926134035579
0.336975470542029	-1.21043395897838	-1.25950703565376
0.326370000636334	-0.00662986185920678	-1.06422764094540
0.328215388480469	-0.0343632694350535	-1.06987547385823
0.326189521615600	-0.0640102256223634	-1.05266975196147
0.326379418394526	-0.0925091575962765	-1.04220808561079
0.326922089582154	-0.120846369749924	-1.03758682657320
0.326834594829817	-0.149294866813389	-1.02696084664762
0.326187286382704	-0.178034058781118	-1.01378058611425
0.325855567272202	-0.206409786045015	-1.00163556167766
0.325757263271712	-0.234560544399468	-0.991980995725805
0.325143886142128	-0.262669823467182	-0.982815773222777
0.325052139405778	-0.290847087755271	-0.976112814302416
0.325405330837307	-0.318715857317921	-0.973251808630560
0.326835103563325	-0.346379254691395	-0.975851348970263
0.328205331703086	-0.374080210046502	-0.982413223176778
0.329692511456326	-0.401730752679572	-0.991167007344516
0.331499964840578	-0.429978402623630	-0.999675682142774
0.332701453930971	-0.457527902384695	-1.00291185444521
0.332710088858766	-0.485226254965876	-1.00121568551122
0.332814660413489	-0.512798987261193	-0.996232167361152
0.332554154920379	-0.540454092026892	-0.991347689947615
0.332147606732107	-0.567924005017896	-0.986069600800323
0.332641941145464	-0.595410179339970	-0.982081840683283
0.332816492158250	-0.622527289410743	-0.981208195365000
0.334006086089431	-0.650387277590939	-0.988001536563701
0.335911797489835	-0.678173450523261	-1.00196609154404
0.338336408440704	-0.706281344622938	-1.02338856850389
0.342594610332903	-0.735132162189505	-1.05436704386323
0.346585836836234	-0.763783603439864	-1.08115740058731
0.347554324233527	-0.791476367419897	-1.08837406656279
0.347804689032927	-0.818997053453376	-1.08908937296116
0.348387713633410	-0.846469011256494	-1.09253041746961
0.348972121093167	-0.874283410235129	-1.10080913722879
0.350031085928737	-0.901471498835165	-1.11100321636938
0.352269291678877	-0.930507979755703	-1.12593770475696
0.353834659184594	-0.958481302089091	-1.14108160691391
0.355486070051307	-0.986501171981206	-1.15474985603184
0.357051185402156	-1.01441936428823	-1.16703040186856
0.357861471141351	-1.04223317168243	-1.17838706452716
0.359273095822737	-1.07039974643178	-1.19076417160611
0.360428971560297	-1.09812570777451	-1.20214558658287
0.361441849485467	-1.12593797104229	-1.21534877038817
0.363662054811798	-1.15432110317144	-1.23516644642891
0.366998173466528	-1.18405152160312	-1.27021127848649
0.353064427082264	-0.00617934773089878	-1.05210170555409
0.354118908775709	-0.0342535736833671	-1.05573657104824
0.354287841933622	-0.0629992497801231	-1.04627530629670
0.354232719869916	-0.0916930309987097	-1.03783840294417
0.355215163250544	-0.119648151520256	-1.03867824728893
0.356475931920144	-0.147784219823243	-1.03689248872498
0.356104531131041	-0.176234130182456	-1.02826848147469
0.355650367338701	-0.204943176628875	-1.01565558346707
0.354943117653208	-0.233251689155748	-1.00360250639184
0.354309004172151	-0.261385590782447	-0.993495489357605
0.354268397399438	-0.289486945716815	-0.985032952037736
0.354235109650619	-0.317480695004843	-0.979542593066941
0.355098737109360	-0.345290459053298	-0.978693022882008
0.355885560362616	-0.373008864725314	-0.982048472844778
0.357236904559194	-0.400643486878917	-0.989422524712500
0.359538019178641	-0.428945681397584	-1.00003847913938
0.361492537663278	-0.456461889262576	-1.00884717161008
0.362585001105358	-0.484327499911442	-1.01443235325120
0.363135203862912	-0.511921647707258	-1.01478155592395
0.363113133407694	-0.539743386567040	-1.01285160285540
0.363091216881645	-0.567395596444426	-1.00967500623549
0.363570012943361	-0.594913506379993	-1.00714934809383
0.363351378216897	-0.622334264559031	-1.00658381582441
0.364849205997781	-0.650019384311120	-1.01175811875376
0.366309729817978	-0.678048028989243	-1.02406693162783
0.368374334445247	-0.706074973239388	-1.04195985981955
0.371855672675239	-0.734461788967102	-1.06520649526324
0.374848345464860	-0.762769780162967	-1.08442532187519
0.376323031720500	-0.790827904493608	-1.09597019239813
0.377893677506470	-0.818922471147901	-1.10510204579652
0.378126080816065	-0.846475607079995	-1.11201796235938
0.379078596663443	-0.874401340585484	-1.12081814346067
0.380751635543549	-0.902046232706064	-1.13081593677253
0.382357831137291	-0.930595834133477	-1.14382442531142
0.383748682744908	-0.958866480044647	-1.15807099171258
0.385636699172946	-0.986862297403533	-1.17177418378359
0.386934795077487	-1.01492145352292	-1.18556621727209
0.388134883045185	-1.04297857327891	-1.19902813321376
0.390295599965091	-1.07146450472477	-1.21524651837048
0.392336163050451	-1.09992775014359	-1.23295651094492
0.394004246813526	-1.12856830422838	-1.25496213241572
0.397685802760277	-1.15850122780304	-1.28891051098764
0.380117210014672	-0.00549739791337175	-1.04275313978010
0.381404890377741	-0.0336193909852521	-1.04600035782228
0.382351692197056	-0.0621620957464140	-1.04109465799859
0.382058072489544	-0.0906877234409286	-1.03355744535751
0.383147345301621	-0.118608099055058	-1.03667058265697
0.384870412045531	-0.146544471957937	-1.04124387225801
0.385741115401415	-0.174703890416018	-1.03950358994277
0.385680669142026	-0.203294729600601	-1.03154745987963
0.384537249246536	-0.231659093074676	-1.01775738587408
0.383745392905894	-0.260077386051627	-1.00420987700252
0.383471253436380	-0.288207816630340	-0.993872308584616
0.383250638538086	-0.316291975732283	-0.986713256148396
0.383245638774129	-0.344150980663810	-0.982675280699274
0.384197534371909	-0.371907803026841	-0.983261876121000
0.385312944775057	-0.399550622251278	-0.988481816354151
0.386809297199827	-0.427858206161364	-0.997652218603493
0.388769578234485	-0.455375831734315	-1.00786145220081
0.391373668109870	-0.483302074471999	-1.01935908610197
0.392761095899203	-0.511074700957929	-1.02755806416025
0.393708938301103	-0.539025938867071	-1.03217957338287
0.393939416827670	-0.566786101227524	-1.03300124324818
0.394549805052128	-0.594392433135152	-1.03221158956919
0.394533786081179	-0.622014452523125	-1.03220362238697
0.395293457621489	-0.649629330411665	-1.03540704901921
0.396513221178721	-0.677632042208346	-1.04478737765809
0.398711100884240	-0.705649796253135	-1.05922723421387
0.401326067884214	-0.734106349025614	-1.07783368038987
0.403795841278283	-0.762312220419827	-1.09407565073952
0.405627536813570	-0.790305677394123	-1.10659466783851
0.407544439653209	-0.818633868571407	-1.11835477673225
0.408664476748014	-0.846482071952027	-1.12808036793499
0.409885526252805	-0.874530835252368	-1.13829505464877
0.411006110904972	-0.902312484293134	-1.14864763116712
0.412528498834546	-0.930431811778620	-1.16093999595196
0.414381742612280	-0.959296881811391	-1.17640305050915
0.416045213953181	-0.987298232596198	-1.19151461862693
0.418000913709188	-1.01573530539331	-1.20838057471352
0.419510856310618	-1.04423063284917	-1.22568161526708
0.422279225291475	-1.07314318353887	-1.24743035063541
0.425152877000047	-1.10271670664423	-1.27494962348499
0.429436599773360	-1.13305996783307	-1.31068766052291
0.408489232290895	-0.00448396453979726	-1.03786093601639
0.409856702587959	-0.0326117177689067	-1.04286708191805
0.410939196333106	-0.0609878983790442	-1.03988394883244
0.410059382502542	-0.0895167799840367	-1.03290513825504
0.411438592289680	-0.117569362093005	-1.03591100371121
0.413852427212940	-0.145286148570327	-1.04437706009591
0.414864122284300	-0.173361257049330	-1.04713519191660
0.415754658457406	-0.201748160412459	-1.04486928381237
0.414941471699441	-0.230032257019895	-1.03383272385477
0.413452043057097	-0.258626859963624	-1.01727817742569
0.412466806029790	-0.286992679126232	-1.00326073731755
0.412283434318251	-0.315098088921437	-0.994489692737878
0.412168361993041	-0.343000630103707	-0.988106947598793
0.412583531646750	-0.370787500520429	-0.986157370853709
0.413535656876685	-0.398395919619865	-0.989485978713530
0.415197495132386	-0.426785077883218	-0.997804482448746
0.416945257260159	-0.454278124702651	-1.00673830147172
0.418990589366781	-0.482208954593735	-1.01870225022511
0.420716217298807	-0.510116423431527	-1.03135909957396
0.423371794277380	-0.538124337602671	-1.04420339645225
0.424748440394129	-0.566201232206890	-1.05307440853959
0.425760285551837	-0.593906836840263	-1.05652540494878
0.426359507061731	-0.621763251933742	-1.05888300508275
0.427162539015978	-0.649444024834273	-1.06272233254360
0.428369429011725	-0.677640715625157	-1.07053070670319
0.429823543417374	-0.705509995827099	-1.08113673050393
0.431558657317705	-0.733675855992885	-1.09407159754184
0.433727891572093	-0.761872294655922	-1.10697894191475
0.435168005396523	-0.789905912455370	-1.11876335392688
0.436847232666647	-0.818321341234723	-1.13110997022346
0.438281474526990	-0.846329710114300	-1.14235748583456
0.439807985509874	-0.874516578877051	-1.15443272461778
0.441650128758954	-0.902627551307189	-1.16707544430634
0.442916066683482	-0.930425872066237	-1.18041867404569
0.445182238580146	-0.960132845607865	-1.19894477161960
0.447491617759750	-0.988241091462775	-1.21771379809423
0.449924545207454	-1.01719983663539	-1.23945261289506
0.452610889995473	-1.04638166176420	-1.26379613828269
0.456535392046553	-1.07623853340799	-1.29351469703544
0.461514906821093	-1.10716312858489	-1.33112367264235
0.436013312828290	-0.00348456750244531	-1.03490705448420
0.438171700604944	-0.0315459440614882	-1.04234203594276
0.439316160718388	-0.0596177307419895	-1.04131028893257
0.438603979276759	-0.0882658130305831	-1.03567994332420
0.439740095343422	-0.116267002387307	-1.03801442010056
0.442629616502570	-0.143984504856887	-1.04875633390709
0.443862516338090	-0.171959117142515	-1.05392551050649
0.444900159571139	-0.200405924080564	-1.05396270152462
0.444943724371612	-0.228580277345222	-1.04745964588411
0.443426205620129	-0.257105783240929	-1.03146090988831
0.441894748827863	-0.285659227054211	-1.01423001616967
0.441458104970036	-0.313886887778762	-1.00350991909469
0.440933840280256	-0.341815857599578	-0.995708418603791
0.441048874321519	-0.369739090206032	-0.992540588823925
0.442037652973959	-0.397276857754228	-0.994419796234565
0.443771783446695	-0.425571839543910	-1.00167033163022
0.445454308953592	-0.453270598050944	-1.01001382859650
0.447195808313221	-0.481131826680135	-1.02108977951139
0.449152844442167	-0.509068685141405	-1.03395264624780
0.451836978899645	-0.537108430675144	-1.05001203223002
0.454560063609941	-0.565371570745888	-1.06587718005077
0.456293122569992	-0.593367057368505	-1.07634632092891
0.457954945493793	-0.621454260822371	-1.08358157008166
0.458508539972726	-0.649279382155122	-1.08910625159089
0.459911272937680	-0.677388550888316	-1.09601767812614
0.460920532000707	-0.705491558099700	-1.10437050839213
0.462041068801391	-0.733437427685802	-1.11287092260333
0.463313648393989	-0.761471329037620	-1.12217277935966
0.464859843013679	-0.789595361703537	-1.13209424076725
0.466423827536835	-0.817954622066630	-1.14467200421264
0.468173389941117	-0.846147109416090	-1.15831105093925
0.470275855153519	-0.874708136076091	-1.17365177948431
0.472159789758339	-0.903108904368508	-1.18990102126367
0.474646790448021	-0.931215363886616	-1.20742176651944
0.477587700949034	-0.961275891611496	-1.22993365032272
0.480496987961809	-0.990149651095790	-1.25402020057573
0.483908681870670	-1.01973052822362	-1.28187987449533
0.488149594336975	-1.04984380346759	-1.31355418628632
0.492364232781730	-1.08023860286381	-1.34775098077317
0.465177256320304	-0.00237711679388517	-1.03477559601075
0.467050016652011	-0.0302186332386100	-1.04420820757361
0.468008848585745	-0.0583601188231223	-1.04620118361443
0.467925527378115	-0.0867843278529840	-1.04198734365174
0.469276788366648	-0.114890243684562	-1.04417930667444
0.471948288493598	-0.142576369487231	-1.05587159888923
0.473325100735526	-0.170498833723233	-1.06229300455002
0.474163795430301	-0.198976075141611	-1.06230292297969
0.474779907736674	-0.227286271289054	-1.05745867422752
0.473721648678867	-0.255611533070111	-1.04395744410334
0.471684323425703	-0.284264589884972	-1.02631183221950
0.470788007122187	-0.312577142367880	-1.01448210476155
0.470230065855063	-0.340613708189719	-1.00598641534029
0.470143166817926	-0.368548325833602	-1.00182958092263
0.471283041480095	-0.396175186838517	-1.00275255989388
0.472797228288070	-0.424492480795940	-1.00907383493050
0.474140510302831	-0.452230088272021	-1.01714839224138
0.476432218139113	-0.480112566222613	-1.02790190078020
0.478332516005765	-0.508145479374041	-1.04080181940811
0.480520590274462	-0.536193588117731	-1.05692018361513
0.483713518008773	-0.564426300968230	-1.07513712448747
0.486096779170831	-0.592668701722125	-1.09031430828143
0.488092847304324	-0.620970204605388	-1.10273781995059
0.489707075034618	-0.649057217996000	-1.11159745192512
0.491351440213244	-0.677001664715438	-1.11901897382209
0.492232635691394	-0.705455277281607	-1.12771002179586
0.493319256676513	-0.733367153776672	-1.13562477941449
0.494266558175445	-0.761582970802835	-1.14376415631547
0.495803043659157	-0.789526741589326	-1.15284040241979
0.497577942904644	-0.818055693069033	-1.16645984536617
0.499930732129199	-0.846643942016149	-1.18360980922897
0.502756256519042	-0.875496974929139	-1.20294195149302
0.505336580894785	-0.904315052475493	-1.22334848055577
0.508198389576348	-0.933179123522921	-1.24562712352296
0.511755538189811	-0.962755280922337	-1.27154714192494
0.515319766331553	-0.993065767680472	-1.30042946576301
0.519350260546921	-1.02290184485289	-1.33200234181984
0.523795940272622	-1.05331290061191	-1.36652706988164
0.493388739606006	-0.00109134364940519	-1.03864040678769
0.495753240594943	-0.0285830811706358	-1.05344855182785
0.497759940555100	-0.0564772422908923	-1.05716122123653
0.497591445470763	-0.0852296613583067	-1.05256305923538
0.498742239224342	-0.113318632441617	-1.05475469459665
0.501715549759562	-0.140937136984120	-1.06573461100301
0.503262411170330	-0.168989369848000	-1.07204816019085
0.503850142038137	-0.197599393561250	-1.07120495979526
0.503992001021608	-0.225960528700654	-1.06502491738108
0.503321223202576	-0.254298280658086	-1.05291049904078
0.501496928042285	-0.282917295517061	-1.03719293290076
0.500627881198411	-0.311315347413875	-1.02551853680759
0.500182802968429	-0.339440407557617	-1.01709448524846
0.500242690921695	-0.367431346621193	-1.01303806434054
0.500828364614371	-0.395119829681162	-1.01351252285960
0.502322314565626	-0.423407946845088	-1.01937375484397
0.503303817607156	-0.451222417749892	-1.02736174908869
0.505430623725129	-0.479074813523214	-1.03797915168761
0.507569013624504	-0.507177670565833	-1.05122816026660
0.510256517954881	-0.535280898791164	-1.06714062189555
0.513638178154779	-0.563685885391684	-1.08590689706791
0.516129491048267	-0.591940476260124	-1.10298345405036
0.518772702230983	-0.620298172343225	-1.11896569505464
0.520993407751457	-0.648724436672615	-1.13206956884810
0.522616969828086	-0.676839986533884	-1.14243319816190
0.524312347524555	-0.705511621106636	-1.15352691123521
0.525379359780314	-0.733479071018081	-1.16340212337455
0.526780690817523	-0.761874365178164	-1.17337267882522
0.528295351471653	-0.790165124220425	-1.18504242713703
0.530575074520241	-0.818785603704229	-1.20167631331329
0.533317222809638	-0.847880447199647	-1.22278288225815
0.536822105640461	-0.877110477882561	-1.24601887855841
0.540134310800107	-0.906221024859626	-1.26955728423551
0.543438380261593	-0.935787732982505	-1.29426403270856
0.547456348601752	-0.965219564848756	-1.32161901650163
0.551099428298223	-0.995962611800996	-1.35281287286101
0.555432042703941	-1.02639225030553	-1.38710684383222
0.527001129608934	-0.0262695081015850	-1.07128227548585
0.528206071739672	-0.0544156422064523	-1.07473533530001
0.528501617029975	-0.0832675114819667	-1.06991481288187
0.529781054812485	-0.111478023059221	-1.07228909709272
0.531824074287886	-0.139353096954151	-1.08000075679623
0.533291087832310	-0.167445294701824	-1.08412950837083
0.533946502345546	-0.196094551060905	-1.08138403373612
0.533218046323778	-0.224605490790750	-1.07205080532790
0.532244189991049	-0.253162505881132	-1.05946584228963
0.530860475814872	-0.281614619204230	-1.04636645240424
0.530455074423386	-0.310042026354110	-1.03637828114630
0.529901439918611	-0.338210423975051	-1.02892849911577
0.530024054228124	-0.366149893245479	-1.02548333684146
0.531037801362683	-0.394017296406618	-1.02667584798872
0.532582226609534	-0.422147158764441	-1.03341722341697
0.533756475133924	-0.450248784777339	-1.04252096633484
0.536079630759746	-0.478099908464004	-1.05350189442124
0.538303035860493	-0.506267474412744	-1.06684421180796
0.540631074606204	-0.534437294407433	-1.08241130405941
0.543881828337696	-0.562952073749999	-1.10160033721664
0.546874981387684	-0.591189706233135	-1.12004784376673
0.549488873434304	-0.619665009754738	-1.13737024730606
0.551843564377046	-0.648100718241777	-1.15305537304231
0.553757259362879	-0.676470587225010	-1.16726574510292
0.556270545413526	-0.705424766149979	-1.18307436905948
0.558622127770822	-0.733915931680285	-1.19917376388177
0.561393193884524	-0.762708117146855	-1.21591450541401
0.563781567767324	-0.791587987420764	-1.23390335579292
0.567419351996678	-0.820777042266483	-1.25485168134089
0.570281286904280	-0.850076162366561	-1.27790583820776
0.573888088933473	-0.879652283149626	-1.30241788499257
0.577201476942248	-0.909233407607844	-1.32737870701319
0.580225808074845	-0.938689046239259	-1.35317596490258
0.584462962038615	-0.968619573961607	-1.38261160543092
0.557821134039589	-0.0242964881666197	-1.08902123234564
0.560164288587497	-0.0520253576856201	-1.10038990244633
0.561293094849686	-0.0807200166128042	-1.09957267716919
0.561813418972076	-0.109176807842633	-1.09819433626034
0.562908056233307	-0.137536072055978	-1.09892580689806
0.563575750896974	-0.165868250679258	-1.09807999160941
0.563900192769561	-0.194523179231418	-1.09133444252615
0.562563966123575	-0.223427742327822	-1.07884507231817
0.561312192670334	-0.251864202638375	-1.06625965203598
0.560546168040409	-0.280313408697050	-1.05570832971746
0.560073494578469	-0.308736981468408	-1.04845972654817
0.560090678938284	-0.336922583497062	-1.04295908789913
0.560180734951854	-0.365000766175577	-1.04046879925078
0.561243190496361	-0.392939106961803	-1.04275902689423
0.562498946139489	-0.420948455054624	-1.05021437792934
0.564858106762640	-0.449344522099068	-1.06145421341307
0.566896970502763	-0.477244746590954	-1.07374024238793
0.569596910612859	-0.505406696584962	-1.08859616462055
0.571813052045652	-0.533722994102061	-1.10557311235199
0.575225664687225	-0.562126161081702	-1.12618059503019
0.578963841673341	-0.590761090527533	-1.14686504625195
0.582196798439313	-0.619411995198941	-1.16714626068170
0.585589807300568	-0.648136701594771	-1.18800193747296
0.588491565793597	-0.676819235338853	-1.20766684439466
0.591778268420225	-0.705946684241356	-1.22795302814228
0.595113462445738	-0.735248401579891	-1.24997561887826
0.598854635344700	-0.764391987978146	-1.27185899253323
0.601728342422823	-0.793605159138879	-1.29289670132466
0.604883885206244	-0.822840606154273	-1.31450298793919
0.607487321124267	-0.852253284578745	-1.33738246531644
0.610648210086877	-0.882240724263385	-1.36305889048827
0.616223220260370	-0.912401360192201	-1.39306161980417
0.591490736680937	-0.0213708061375967	-1.11638678284344
0.594279773976000	-0.0491292784013031	-1.13376889365980
0.595500358989643	-0.0776879323002903	-1.13560932509478
0.595005459107905	-0.106687156105303	-1.12953304930041
0.594714745562787	-0.135479337683563	-1.12245371442925
0.594389000505054	-0.164177316935833	-1.11411898491055
0.593538984989623	-0.193050210767146	-1.10203649267285
0.591981127551691	-0.222110634612176	-1.08781232062750
0.591380681628910	-0.250549252331743	-1.07654566557742
0.590870029810328	-0.278905813457609	-1.06837547257812
0.591033267905834	-0.307308899068165	-1.06384821948952
0.591309973143738	-0.335607475646001	-1.06095174359596
0.591222231972589	-0.363740603614663	-1.05979404989768
0.592193299414557	-0.391766317817057	-1.06320753091360
0.594361417599715	-0.419702149735574	-1.07161262092525
0.596671258919193	-0.448417315806038	-1.08535998922051
0.599129869235072	-0.476406992007689	-1.10062247050632
0.602548973775856	-0.504618628817002	-1.11896206856526
0.605941844407141	-0.533165029216882	-1.13991995106494
0.610251111238477	-0.561745171180491	-1.16295952550639
0.613290521772349	-0.590761598010264	-1.18594333182892
0.617220874177251	-0.619539011165150	-1.20947028520645
0.620957956585681	-0.648526749512297	-1.23433121075930
0.624845522299757	-0.677607778430614	-1.25804748044096
0.627713044131212	-0.706827527666730	-1.27972549424285
0.631268930472057	-0.736165618566374	-1.30269770069330
0.634932736700602	-0.765744493661097	-1.32668406224306
0.638358983887657	-0.795242955884317	-1.35061280267231
0.642329690479142	-0.825042501167070	-1.37613937617387
0.622742743139953	-0.0191146610319510	-1.14094787980964
0.626535437711909	-0.0466942971228013	-1.15986765328172
0.628468073090345	-0.0751585108276480	-1.16500690382973
0.628258364012169	-0.104119390316627	-1.15966888413066
0.626978121327562	-0.133259877366505	-1.14814590798531
0.626132583077514	-0.162385879498186	-1.13337543302193
0.624393190126485	-0.191373637419924	-1.11711211470813
0.622980585294535	-0.220571226671855	-1.10233752989328
0.622059707691762	-0.249024617014982	-1.09234091107983
0.621841087599791	-0.277435141209348	-1.08640580328952
0.622080637331933	-0.305862699862052	-1.08354881585198
0.623010812986443	-0.334210869848846	-1.08362092715907
0.623532988720774	-0.362457065517522	-1.08498051071000
0.625294639358631	-0.390578754031268	-1.09096574796677
0.627147641336750	-0.418561542375402	-1.10189214699437
0.630115834802812	-0.447300518493837	-1.11900960759382
0.633614481820816	-0.475670915417420	-1.13879082803187
0.637420152548428	-0.504128162649622	-1.16041147959259
0.641495206852400	-0.532707167248534	-1.18391371783834
0.645336023023634	-0.561511450954942	-1.20787249465545
0.649538703847613	-0.590581202269777	-1.23327849377558
0.653176778436585	-0.619721144652234	-1.25962936228825
0.657956551208297	-0.649006790508484	-1.28738273640287
0.662329981724320	-0.678584187725208	-1.31351188854510
0.665466950418782	-0.707913050045804	-1.33722798571366
0.669632470827752	-0.737493016090016	-1.36135170029056
0.655363560604070	-0.0164915583154321	-1.16769555029078
0.659053074854852	-0.0442339943843732	-1.18609642901858
0.661464451883769	-0.0727049500501138	-1.19256291646907
0.661566161525615	-0.101799628123261	-1.18798202035078
0.660174921816288	-0.131127308726817	-1.17435463302306
0.658236908274414	-0.160397711180475	-1.15648025096598
0.655973921750449	-0.189617692340309	-1.13852398118100
0.654819400485272	-0.218792067958068	-1.12445811885871
0.654242637892684	-0.247359437773898	-1.11481907365463
0.653990698761505	-0.275944636602261	-1.11001812205088
0.654574734232805	-0.304313452333691	-1.10854852000310
0.655565803092410	-0.332773802210158	-1.11141837107907
0.656896496550725	-0.361017487770555	-1.11662793505892
0.658919329497398	-0.389378247553986	-1.12695296776058
0.661542154460759	-0.417718605970286	-1.14255432369185
0.677881532015736	-0.532369612312658	-1.23538873693302
0.682382439708865	-0.561447593099104	-1.26152539597018
0.689422003740838	-0.0135150811570762	-1.20295464487378
0.693625925111273	-0.0414214815969481	-1.21998068601002
0.695144958306646	-0.0700536218010821	-1.22481464942497
0.695402766744525	-0.0992790517939968	-1.21880031867081
0.693773600263493	-0.128882836592859	-1.20459119868039
0.691601924074678	-0.158250596661568	-1.18620881607022
0.689712475043660	-0.187501767826070	-1.16897753958536
0.688434126682860	-0.216763561514480	-1.15583192965881
0.687604711523045	-0.245575462713982	-1.14614155175644
0.687480270739213	-0.274184721478982	-1.14163211123502
0.687945581781520	-0.302699589023313	-1.14107609156188
0.689206802204251	-0.331201922936565	-1.14602854311444
0.691499795327287	-0.359601896302091	-1.15617665521511
0.694425633973862	-0.388057252798250	-1.17122593054022
0.726214432022749	-0.0102192224629447	-1.25352585365077
0.729256996363540	-0.0383326153470349	-1.26145808688239
0.730526697747756	-0.0671816662813350	-1.26322431788714
0.730159020046670	-0.0965039349939876	-1.25651597157676
0.729145970589127	-0.126132789089412	-1.24443265928430
0.726633473469854	-0.155866170966695	-1.22719110649919
0.725237448127094	-0.185108970587426	-1.21219656258928
0.724219763043539	-0.214231842419169	-1.20036503211593
0.722814681351855	-0.243412435766378	-1.19059863752810
0.723314633766720	-0.272201811552472	-1.18629351387402
0.724026681197554	-0.300904051830538	-1.18771447146240
0.767729518822431	-0.0932531374687553	-1.31063411701338
0.766797186965499	-0.122891100824349	-1.29913589330462
0.765426337789197	-0.152539593942210	-1.28625347043668
0.764537097372422	-0.182052185145681	-1.27476764140713