F
5	2	9
1650	1679	1675
1143	1053	1188
1677	1676	1668
1677	1668	1669
1667	1676	1666
1667	1668	1676
1633	1679	1650
1407	1366	1367
598	552	553
59	31	60
27	9	28
30	9	31
30	31	56
1006	961	1007
1098	1053	1143
10	1	11
107	106	73
8	7	9
6	5	9
6	9	7
3	2	5
39	69	38
1365	1324	1366
1674	1675	1679
1678	1677	1669
1678	1679	1677
1056	1102	1101
1147	1101	1102
1147	1102	1148
1147	1148	1193
1442	1404	1443
103	102	69
221	222	261
223	222	185
223	224	263
223	185	224
184	185	222
184	148	185
1664	1650	1675
1368	1367	1326
1325	1283	1326
1325	1366	1324
1325	1326	1367
1325	1367	1366
1282	1325	1324
1282	1283	1325
1200	1244	1199
1200	1199	1154
1242	1286	1285
1242	1285	1241
1242	1241	1197
1329	1330	1371
878	925	924
606	605	560
737	738	784
644	645	690
644	690	689
251	252	292
504	460	549
731	685	1053
639	685	684
287	246	460
287	460	372
61	60	31
58	59	90
58	31	59
53	27	28
29	28	9
29	9	30
226	225	188
190	228	189
388	387	345
1142	1097	1098
1142	1098	1143
1232	1188	1275
1358	1188	1398
730	684	685
730	685	731
868	822	823
960	959	914
960	961	1006
960	915	961
960	914	915
1052	1053	1098
1052	1007	1053
1052	1006	1007
1052	1098	1097
582	537	583
498	542	497
498	497	453
16	5	6
16	38	37
210	250	249
132	96	97
208	207	170
208	170	171
4	3	5
4	14	3
13	2	3
13	3	14
68	38	69
68	37	38
68	69	102
18	7	8
21	9	22
74	107	73
1672	1679	1671
1654	1669	1668
1099	1054	1100
1055	1054	1008
1055	1100	1054
1055	1101	1100
1055	1056	1101
1057	1102	1056
1477	1478	1514
1146	1100	1101
1146	1101	1147
1194	1238	1193
1194	1193	1148
1196	1195	1150
1196	1197	1241
1480	1442	1443
1480	1516	1479
262	222	223
262	223	263
262	261	222
111	146	110
183	146	184
183	182	146
183	222	221
183	184	222
220	221	261
220	182	183
220	183	221
1213	1256	1212
1213	1212	1168
1213	1168	1169
1663	1664	1675
1248	1290	1247
1444	1482	1443
1444	1443	1404
1405	1445	1444
1405	1444	1404
1374	1414	1413
1374	1413	1373
1331	1330	1288
1372	1412	1371
1372	1413	1412
1372	1373	1413
1372	1331	1373
1372	1371	1330
1372	1330	1331
1239	1283	1282
1239	1282	1238
1239	1238	1194
1239	1194	1195
1201	1244	1200
1284	1241	1285
1284	1326	1283
1327	1368	1326
1327	1326	1284
1327	1284	1285
1327	1369	1368
1243	1286	1242
1243	1199	1244
1198	1242	1197
1198	1199	1243
1198	1243	1242
1019	1020	1065
971	924	925
1064	1065	1110
1064	1063	1017
1108	1062	1063
1108	1107	1062
1158	1202	1157
1111	1110	1065
929	928	883
884	885	930
884	929	883
884	930	929
1014	1060	1013
877	831	878
877	878	924
875	922	921
968	1015	1014
968	921	922
967	921	968
967	1014	1013
967	968	1014
1010	1057	1056
650	697	696
650	604	605
649	695	694
649	604	650
649	650	696
649	696	695
603	602	558
559	605	604
559	560	605
559	603	558
559	604	603
561	606	560
561	515	516
561	560	515
599	598	553
511	467	512
466	467	511
601	646	645
601	602	646
692	739	738
692	738	737
830	784	831
830	831	877
785	738	739
785	784	738
785	831	784
735	689	690
735	690	736
691	736	690
691	737	736
691	690	645
691	692	737
691	645	646
691	646	692
783	737	784
783	830	829
783	784	830
783	829	782
783	782	736
783	736	737
643	644	689
643	689	688
643	598	599
643	599	644
380	424	423
295	336	294
295	294	254
293	292	252
548	504	549
371	415	414
371	372	415
416	372	460
416	415	372
458	414	415
545	501	546
545	590	544
592	546	547
683	639	684
89	58	90
94	61	95
91	59	60
91	90	59
92	127	126
92	126	91
92	60	61
92	91	60
152	190	189
52	53	84
52	27	53
55	30	56
55	29	30
81	115	114
79	47	48
149	148	112
887	932	886
486	485	441
227	189	228
227	188	189
227	226	188
346	388	345
1512	1475	1398
1512	1578	1546
1512	1474	1475
1436	1435	1396
1436	1474	1435
1436	1475	1474
1545	1544	1509
1545	1546	1578
1545	1578	1544
1187	1188	1232
1187	1186	1142
1187	1143	1188
1187	1142	1143
1231	1232	1275
1231	1275	1274
1231	1274	1230
1231	1230	1186
1231	1186	1187
1231	1187	1232
776	822	821
776	730	731
777	776	731
777	823	822
777	822	776
867	821	822
867	822	868
869	868	823
869	823	777
869	915	914
869	914	868
869	961	915
869	1007	961
869	777	731
869	1053	1007
869	731	1053
538	537	493
538	493	494
538	583	537
454	498	453
454	453	410
499	454	455
499	498	454
904	949	903
1051	1052	1097
1051	1006	1052
1185	1230	1229
1185	1186	1230
17	16	6
17	18	39
17	39	38
17	38	16
17	6	7
17	7	18
211	251	250
211	250	210
291	292	333
291	250	251
291	251	292
133	132	97
209	210	249
209	208	171
209	172	210
209	171	172
169	170	207
169	133	170
169	132	133
248	209	249
248	208	209
15	16	37
15	14	4
15	5	16
15	4	5
12	1	2
12	2	13
12	13	34
12	11	1
12	33	11
12	34	33
32	10	11
32	11	33
64	33	34
67	37	68
36	67	66
36	37	67
36	14	15
36	15	37
35	34	13
35	36	66
35	13	14
35	14	36
65	66	99
65	64	34
65	34	35
65	35	66
70	71	104
70	69	39
70	104	103
70	103	69
105	104	71
105	140	104
105	141	140
105	106	141
72	73	106
72	106	105
72	105	71
40	39	18
40	70	39
40	71	70
1665	1666	1676
1673	1674	1679
1673	1679	1672
1409	1368	1369
1409	1369	1410
1409	1449	1448
1409	1410	1449
1655	1669	1654
1655	1654	1637
1653	1668	1667
1653	1654	1668
1554	1553	1519
596	640	595
824	778	825
1103	1148	1102
1103	1058	1104
1103	1102	1057
1103	1057	1058
1059	1104	1058
1059	1013	1060
1145	1099	1100
1145	1100	1146
1191	1145	1146
1105	1150	1104
1105	1059	1060
1105	1104	1059
1061	1062	1107
1061	1015	1062
1061	1060	1014
1061	1014	1015
1149	1194	1148
1149	1104	1150
1149	1150	1195
1149	1195	1194
1149	1148	1103
1149	1103	1104
1151	1197	1196
1151	1196	1150
1151	1150	1105
1481	1443	1482
1481	1480	1443
1481	1516	1480
142	141	106
142	106	107
142	107	143
178	177	140
178	140	141
178	141	142
178	142	179
147	148	184
147	112	148
147	111	112
147	184	146
147	146	111
77	110	76
77	111	110
472	516	515
301	343	300
385	429	428
385	428	384
1162	1207	1161
1206	1161	1207
1211	1210	1165
1119	1120	1165
1074	1120	1119
1074	1027	1028
1173	1172	1127
1218	1172	1173
1218	1173	1174
1081	1125	1080
1124	1169	1168
1124	1125	1169
1124	1080	1125
1126	1127	1172
1126	1081	1127
1126	1125	1081
896	897	942
943	988	942
943	942	897
981	980	934
981	1027	980
981	1028	1027
981	982	1028
1649	1650	1664
1649	1664	1648
1626	1649	1625
1632	1633	1650
1662	1663	1675
1661	1662	1675
1508	1509	1544
1508	1544	1543
1508	1471	1509
1577	1544	1578
1577	1543	1544
1605	1574	1606
1605	1606	1633
1289	1247	1290
1289	1290	1331
1289	1331	1288
1287	1330	1329
1287	1288	1330
1287	1329	1286
1287	1243	1244
1287	1286	1243
1406	1445	1405
1406	1366	1407
1406	1365	1366
1406	1405	1365
1370	1410	1369
1370	1329	1371
1411	1371	1412
1411	1412	1451
1411	1370	1371
1411	1410	1370
1452	1451	1412
1452	1412	1413
1452	1490	1451
1452	1453	1490
1452	1413	1414
1452	1414	1453
1415	1453	1414
1375	1374	1334
1375	1334	1335
1375	1335	1376
1375	1376	1415
1375	1414	1374
1375	1415	1414
1333	1334	1374
1333	1292	1334
1333	1374	1373
1240	1283	1239
1240	1241	1284
1240	1284	1283
1240	1196	1241
1240	1195	1196
1240	1239	1195
1156	1157	1202
1156	1202	1201
1156	1110	1111
1328	1369	1327
1328	1370	1369
1328	1329	1370
1328	1286	1329
1328	1285	1286
1328	1327	1285
1153	1107	1108
1153	1108	1154
1153	1154	1199
1153	1199	1198
1018	1017	971
1018	1064	1017
1018	1019	1065
1018	1065	1064
970	924	971
970	971	1017
1109	1063	1064
1109	1108	1063
1109	1064	1110
1109	1154	1108
1204	1248	1247
1204	1249	1248
1066	1065	1020
1066	1111	1065
1066	1020	1021
975	929	930
975	1021	1020
882	883	928
882	837	883
927	928	973
927	882	928
927	881	882
838	792	793
838	837	792
838	884	883
838	883	837
923	877	924
923	924	970
874	875	921
916	870	917
871	917	870
871	824	825
871	870	824
871	918	917
1009	1008	962
1009	1055	1008
1009	1056	1055
1009	1010	1056
963	1010	1009
963	1009	962
963	962	916
963	916	917
653	652	608
607	608	652
607	606	561
698	699	744
698	653	699
698	652	653
698	697	652
745	744	699
745	699	700
745	700	746
745	790	744
651	605	606
651	650	605
651	697	650
651	652	697
651	606	607
651	607	652
648	604	649
648	603	604
648	649	694
513	559	558
425	469	424
468	424	469
468	512	467
468	513	512
468	469	513
468	423	424
468	467	423
554	599	553
554	553	508
600	601	645
600	645	644
600	644	599
600	554	555
600	599	554
422	423	467
422	467	466
422	380	423
510	511	555
510	466	511
465	466	510
465	421	422
465	422	466
557	511	512
557	602	601
557	558	602
557	513	558
557	512	513
693	739	692
693	648	694
876	922	875
876	830	877
876	875	829
876	829	830
876	923	922
876	877	923
740	693	694
740	739	693
734	688	689
734	689	735
781	736	782
781	735	736
781	780	734
781	734	735
139	102	103
139	103	104
139	104	140
139	140	177
138	175	174
138	102	139
138	139	175
381	424	380
381	425	424
337	336	295
337	295	338
337	338	381
337	381	380
335	294	336
335	293	294
335	336	378
335	378	377
507	508	553
507	553	552
1513	1477	1514
594	548	549
594	549	685
594	685	639
329	287	372
329	372	371
457	501	456
457	414	458
500	456	501
500	545	544
500	501	545
500	544	499
500	455	456
500	499	455
502	546	501
502	547	546
502	501	457
502	457	458
206	205	168
206	168	246
206	246	245
286	245	246
286	246	287
369	326	327
409	410	453
325	284	326
325	283	284
591	546	592
591	545	546
591	590	545
591	592	637
638	639	683
638	683	637
638	637	592
682	637	683
775	776	821
775	730	776
57	58	89
57	56	31
57	31	58
124	89	90
535	490	491
492	493	537
448	493	492
163	127	164
163	126	127
129	95	130
129	94	95
131	130	95
131	246	168
167	130	131
167	168	205
167	131	168
128	164	127
128	94	129
128	165	164
128	129	165
93	61	94
93	92	61
93	127	92
93	128	127
93	94	128
151	189	188
151	152	189
151	115	152
153	190	152
54	29	55
54	53	28
54	28	29
23	22	9
23	9	24
23	48	47
23	49	48
23	24	49
78	47	79
78	77	47
78	112	111
78	111	77
80	114	79
80	49	81
80	81	114
80	48	49
80	79	48
113	79	114
113	149	112
113	112	78
113	78	79
186	185	148
186	148	149
186	224	185
186	225	224
814	860	813
767	814	813
857	903	902
674	630	675
627	581	582
576	531	577
578	623	577
624	625	670
624	623	578
807	806	760
622	577	623
622	621	576
622	576	577
805	806	852
840	886	885
841	840	795
841	887	886
841	886	840
487	486	443
487	443	488
530	485	486
530	487	531
530	486	487
568	567	522
620	576	621
267	226	227
431	432	475
473	428	429
473	472	428
473	517	516
473	516	472
389	433	432
389	390	433
389	388	346
389	347	390
389	346	347
389	432	431
389	431	388
434	433	390
434	478	433
1314	1315	1356
1314	1313	1271
1397	1396	1356
1397	1436	1396
1357	1358	1398
1357	1398	1397
1357	1397	1356
1357	1356	1315
1437	1398	1475
1437	1475	1436
1437	1397	1398
1437	1436	1397
1316	1357	1315
1316	1358	1357
913	868	914
913	867	868
913	914	959
496	495	451
539	538	494
539	494	495
866	821	867
818	773	819
818	772	773
818	771	772
818	817	771
1472	1509	1471
859	813	860
1221	1220	1176
1088	1087	1042
1088	1132	1087
1088	1133	1132
1088	1089	1133
1272	1271	1228
1272	1315	1314
1272	1314	1271
1272	1228	1229
1311	1268	1269
1227	1228	1271
1227	1182	1183
1227	1183	1228
958	959	1004
958	913	959
1005	1006	1051
1005	1004	959
1005	1050	1004
1005	1051	1050
1005	959	960
1005	960	1006
330	331	373
330	288	331
289	248	249
289	331	288
289	288	248
290	331	289
290	289	249
290	249	250
290	250	291
134	171	170
134	170	133
247	248	288
247	207	208
247	208	248
63	62	32
63	64	97
63	32	33
63	33	64
63	97	96
63	96	62
173	172	136
173	210	172
173	211	210
173	174	211
100	99	66
100	66	67
101	68	102
101	67	68
101	100	67
101	136	100
20	9	21
41	72	71
41	71	40
109	76	110
109	75	76
43	21	22
43	74	73
44	22	45
44	43	22
44	45	76
44	76	75
44	75	74
44	74	43
1611	1582	1612
1611	1637	1610
1641	1640	1614
1613	1614	1640
1408	1368	1409
1408	1407	1367
1408	1367	1368
1408	1409	1448
1484	1485	1521
1489	1451	1490
1489	1490	1526
1487	1523	1486
1487	1449	1488
1487	1448	1449
1487	1486	1448
1522	1486	1523
1522	1521	1485
1522	1485	1486
1670	1669	1655
1670	1678	1669
1670	1671	1679
1670	1679	1678
1638	1655	1637
1638	1611	1612
1638	1637	1611
1636	1637	1654
1636	1654	1653
1636	1610	1637
1515	1549	1514
1515	1479	1516
1515	1514	1478
1515	1478	1479
1550	1582	1549
1550	1516	1551
1550	1515	1516
1550	1549	1515
1555	1587	1554
1520	1554	1519
1520	1484	1521
1520	1521	1555
1520	1555	1554
1586	1554	1587
1586	1587	1616
1586	1553	1554
1557	1522	1523
1144	1099	1145
641	640	596
641	686	640
1192	1147	1193
1192	1146	1147
1192	1191	1146
1106	1151	1105
1106	1061	1107
1106	1105	1060
1106	1060	1061
46	76	45
46	77	76
46	47	77
46	23	47
46	45	22
46	22	23
471	472	515
259	301	300
302	343	301
302	301	261
302	261	262
302	262	303
386	429	385
386	387	429
342	300	343
342	299	300
342	343	386
342	386	385
180	218	179
180	179	142
180	142	143
1073	1027	1074
1073	1119	1118
1073	1074	1119
1072	1073	1118
1117	1071	1072
1117	1072	1118
1251	1206	1207
1251	1207	1252
1164	1165	1210
1164	1210	1209
1164	1119	1165
1164	1118	1119
1075	1120	1074
1075	1074	1028
1254	1210	1211
1254	1253	1209
1254	1209	1210
1296	1252	1253
1296	1253	1254
1296	1254	1297
1300	1301	1342
1300	1258	1301
1128	1173	1127
1217	1172	1218
1217	1261	1216
1219	1218	1174
1121	1075	1076
1121	1120	1075
1121	1076	1077
1121	1077	1122
1166	1121	1122
1166	1211	1165
1166	1165	1120
1166	1120	1121
1259	1301	1258
1259	1258	1215
1259	1215	1216
1257	1256	1213
1257	1258	1300
1171	1126	1172
1171	1217	1216
1171	1172	1217
1171	1216	1215
941	896	942
941	986	940
1041	1042	1087
1041	996	1042
1175	1174	1130
1175	1176	1220
1175	1219	1174
1175	1220	1219
803	849	848
985	940	986
888	934	887
888	841	842
888	887	841
1647	1648	1664
1647	1664	1663
1624	1648	1623
1624	1649	1648
1624	1625	1649
1624	1596	1625
1622	1621	1593
1622	1623	1648
1622	1648	1647
1622	1647	1621
1594	1622	1593
1594	1623	1622
1492	1455	1493
1575	1606	1574
1604	1605	1633
1604	1633	1632
1604	1632	1603
1246	1247	1289
1246	1289	1288
1293	1334	1292
1293	1335	1334
1293	1294	1335
1293	1292	1249
1336	1335	1294
1336	1377	1376
1336	1376	1335
1023	1024	1069
1023	1022	977
1112	1157	1156
1112	1156	1111
931	932	977
931	930	885
931	885	886
931	886	932
933	932	887
933	979	932
933	887	934
933	934	980
933	980	979
978	977	932
978	932	979
978	1024	1023
978	1023	977
1450	1411	1451
1450	1488	1449
1450	1449	1410
1450	1410	1411
1450	1451	1489
1450	1489	1488
1454	1453	1415
1454	1455	1492
1291	1290	1248
1291	1292	1333
1291	1248	1249
1291	1249	1292
1332	1373	1331
1332	1333	1373
1332	1331	1290
1332	1290	1291
1332	1291	1333
1155	1201	1200
1155	1156	1201
1155	1200	1154
1155	1110	1156
1155	1154	1109
1155	1109	1110
1152	1107	1153
1152	1106	1107
1152	1151	1106
1152	1197	1151
1152	1198	1197
1152	1153	1198
972	1018	971
972	971	925
972	973	1019
972	1019	1018
969	1015	968
969	923	970
969	968	922
969	922	923
1016	970	1017
1016	1062	1015
1016	1015	969
1016	969	970
1016	1063	1062
1016	1017	1063
1203	1204	1247
1203	1246	1202
1203	1247	1246
1203	1202	1158
1205	1249	1204
1159	1158	1114
1159	1114	1115
1159	1203	1158
1159	1204	1203
976	977	1022
976	1022	1021
976	1021	975
976	975	930
976	930	931
976	931	977
974	975	1020
974	1019	973
974	1020	1019
974	973	928
974	928	929
974	929	975
835	881	880
836	837	882
836	835	790
836	882	881
836	881	835
839	838	793
839	840	885
839	885	884
839	884	838
828	829	875
828	875	874
828	782	829
828	781	782
872	918	871
872	826	873
872	825	826
872	871	825
964	1010	963
964	918	965
964	917	918
964	963	917
920	874	921
920	921	967
920	873	874
1011	1057	1010
1011	1058	1057
1011	1010	964
1011	964	965
562	607	561
562	516	517
562	561	516
747	793	792
747	792	746
654	655	700
654	700	699
654	699	653
791	746	792
791	745	746
791	792	837
791	790	745
791	836	790
791	837	836
514	559	513
514	515	560
514	560	559
514	513	469
379	380	422
379	336	337
379	337	380
379	378	336
379	421	378
379	422	421
509	555	554
509	510	555
509	465	510
509	554	508
509	508	465
556	511	557
556	557	601
556	555	511
556	600	555
556	601	600
647	692	646
647	693	692
647	646	602
647	648	693
647	602	603
647	603	648
832	878	831
832	831	785
733	688	734
733	778	732
176	175	139
176	213	175
176	214	213
176	139	177
176	177	214
334	377	333
334	335	377
334	333	292
334	292	293
334	293	335
551	596	595
551	595	550
551	550	505
328	329	371
328	287	329
328	286	287
328	327	286
503	547	502
503	548	547
503	504	548
503	502	458
408	451	407
408	365	409
449	494	493
449	493	448
450	407	451
450	451	495
450	495	494
450	494	449
242	283	282
285	326	284
285	245	286
285	327	326
285	286	327
244	206	245
244	245	285
244	285	284
244	205	206
413	414	457
413	457	456
411	455	454
411	454	410
411	410	367
543	588	542
543	542	498
543	498	499
543	499	544
589	544	590
589	543	544
589	588	543
632	631	586
636	591	637
636	682	681
636	637	682
636	590	591
593	548	594
593	638	592
593	594	639
593	639	638
593	547	548
593	592	547
729	730	775
729	684	730
729	683	684
729	682	683
820	819	773
820	775	821
820	821	866
237	278	277
237	238	278
197	160	198
162	126	163
162	163	200
442	486	441
442	441	398
442	398	399
442	443	486
444	488	443
125	91	126
125	126	162
125	90	91
125	124	90
536	535	491
536	491	492
536	581	535
536	492	537
536	582	581
536	537	582
446	491	490
405	449	448
318	276	277
318	317	276
50	82	81
50	51	82
50	25	51
50	81	49
50	24	25
50	49	24
26	27	52
26	52	51
26	51	25
26	9	27
26	24	9
26	25	24
150	186	149
150	113	114
150	149	113
150	114	115
150	115	151
812	767	813
768	814	767
768	722	769
719	673	674
629	630	674
629	674	673
626	581	627
489	488	444
579	624	578
579	625	624
669	623	624
669	624	670
898	852	899
851	896	850
851	897	896
851	850	805
851	805	852
851	898	897
851	852	898
853	852	806
853	806	807
853	899	852
713	714	760
613	567	568
711	712	757
711	757	756
575	576	620
575	531	576
575	530	531
268	227	228
268	267	227
266	226	267
474	431	475
474	517	473
519	475	520
519	474	475
476	475	432
476	520	475
304	262	263
304	303	262
304	345	303
304	346	345
391	390	347
391	434	390
1317	1358	1316
1317	1275	1188
1317	1188	1358
1317	1274	1275
1317	1316	1274
541	496	497
541	497	542
452	409	453
452	453	497
452	497	496
452	496	451
452	451	408
452	408	409
584	583	538
584	538	539
584	629	583
540	495	496
540	539	495
540	496	541
540	541	586
912	911	866
912	913	958
912	867	913
912	866	867
1470	1432	1471
1470	1471	1508
1393	1432	1392
1510	1509	1472
1510	1546	1545
1510	1545	1509
1433	1471	1432
1433	1472	1471
1433	1432	1393
1431	1392	1432
1431	1432	1470
1431	1470	1469
1350	1390	1349
1350	1349	1308
1346	1347	1387
1346	1387	1386
1346	1305	1347
1355	1356	1396
1355	1354	1313
1355	1313	1314
1355	1314	1356
997	1042	996
815	768	769
815	814	768
864	818	819
864	817	818
1044	998	999
1044	1090	1089
1049	1004	1050
1264	1220	1221
1086	1130	1085
1086	1085	1040
1086	1041	1087
1086	1040	1041
1131	1132	1176
1131	1176	1175
1131	1175	1130
1131	1130	1086
1131	1087	1132
1131	1086	1087
1184	1229	1228
1184	1228	1183
1184	1185	1229
1184	1183	1139
1184	1139	1140
1184	1140	1185
1273	1274	1316
1273	1272	1229
1273	1316	1315
1273	1315	1272
1273	1229	1230
1273	1230	1274
1310	1267	1268
1310	1268	1311
1312	1311	1269
1312	1313	1354
1312	1354	1353
1312	1353	1311
1270	1227	1271
1270	1271	1313
1270	1313	1312
1270	1312	1269
1225	1269	1268
957	911	912
957	912	958
1141	1186	1185
1141	1185	1140
1141	1142	1186
1141	1097	1142
374	373	331
332	331	290
332	374	331
332	375	374
332	291	333
332	290	291
135	172	171
135	171	134
135	134	99
135	136	172
135	99	100
135	100	136
98	99	134
98	65	99
98	64	65
98	97	64
98	133	97
98	134	133
137	138	174
137	136	101
137	102	138
137	101	102
137	174	173
137	173	136
42	73	72
42	72	41
42	41	20
42	43	73
42	20	21
42	21	43
19	40	18
19	41	40
19	18	8
19	20	41
19	8	9
19	9	20
108	74	75
108	75	109
108	107	74
108	143	107
1615	1641	1614
1615	1586	1616
1659	1674	1673
1657	1672	1671
1447	1408	1448
1447	1448	1486
1447	1486	1485
1447	1407	1408
1483	1519	1482
1483	1445	1484
1483	1520	1519
1483	1484	1520
1483	1482	1444
1483	1444	1445
1652	1666	1665
1652	1665	1651
1652	1667	1666
1652	1653	1667
1635	1610	1636
1635	1652	1651
1635	1636	1653
1635	1653	1652
1584	1551	1552
1584	1614	1613
1518	1482	1519
1518	1519	1553
1518	1553	1552
1644	1618	1645
1644	1661	1643
1644	1645	1662
1644	1662	1661
1617	1643	1616
1617	1616	1587
1617	1644	1643
1617	1618	1644
1556	1522	1557
1556	1521	1522
1556	1555	1521
1556	1557	1589
1439	1478	1477
642	641	596
642	643	688
1237	1193	1238
1237	1192	1193
215	214	177
215	254	214
216	178	179
216	256	215
216	177	178
216	215	177
297	256	298
217	256	216
217	179	218
217	216	179
382	425	381
382	339	383
382	381	338
382	338	339
382	383	426
382	426	425
340	384	383
340	383	339
340	297	298
340	339	297
427	428	472
427	472	471
427	384	428
427	471	426
427	383	384
427	426	383
260	301	259
260	220	261
260	261	301
219	259	218
219	218	180
219	220	260
219	260	259
258	218	259
258	217	218
258	300	299
258	259	300
344	343	302
344	387	386
344	386	343
344	345	387
344	303	345
344	302	303
341	299	342
341	384	340
341	385	384
341	342	385
341	298	299
341	340	298
181	219	180
181	182	220
181	220	219
1070	1024	1071
1070	1069	1024
1070	1114	1069
1070	1115	1114
1026	980	1027
1026	979	980
1026	1027	1073
1026	1073	1072
1116	1071	1117
1116	1070	1071
1116	1115	1070
1116	1161	1115
1116	1162	1161
1116	1117	1162
1250	1206	1251
1250	1249	1205
1250	1205	1206
1250	1293	1249
1250	1251	1294
1250	1294	1293
1163	1164	1209
1163	1118	1164
1163	1117	1118
1163	1162	1117
1302	1303	1344
1302	1301	1259
1343	1342	1301
1343	1301	1302
1343	1302	1344
1343	1344	1384
1260	1216	1261
1260	1261	1303
1260	1259	1216
1260	1303	1302
1260	1302	1259
1304	1303	1261
1304	1305	1346
1262	1218	1219
1262	1305	1304
1262	1304	1261
1262	1217	1218
1262	1261	1217
1255	1254	1211
1255	1212	1256
1255	1211	1212
1295	1252	1296
1295	1294	1251
1295	1251	1252
1338	1296	1297
1338	1295	1296
1299	1256	1257
1299	1257	1300
1129	1174	1173
1129	1173	1128
1129	1130	1174
1129	1084	1085
1129	1085	1130
1078	1122	1077
1078	1077	1032
1167	1166	1122
1167	1168	1212
1167	1212	1211
1167	1211	1166
1214	1215	1258
1214	1257	1213
1214	1258	1257
1214	1213	1169
987	988	1034
987	986	941
987	942	988
987	941	942
1170	1171	1215
1170	1214	1169
1170	1215	1214
1170	1169	1125
1170	1125	1126
1170	1126	1171
1082	1128	1127
1082	1127	1081
1035	1081	1080
1035	1080	1034
1035	1082	1081
1035	1036	1082
948	949	994
948	903	949
948	902	903
995	996	1041
995	994	949
995	1040	994
995	1041	1040
895	850	896
895	849	850
895	896	941
895	941	940
802	803	848
802	801	756
802	756	757
802	757	803
804	805	850
804	850	849
804	849	803
755	756	801
1031	986	1032
1031	985	986
1031	1032	1077
1031	1077	1076
1029	1028	982
1029	1075	1028
935	934	888
935	981	934
935	982	981
1646	1647	1663
1646	1662	1645
1646	1663	1662
1646	1621	1647
1646	1620	1621
1562	1594	1593
1595	1624	1623
1595	1623	1594
1595	1596	1624
1491	1492	1527
1491	1526	1490
1491	1527	1526
1491	1490	1453
1491	1453	1454
1491	1454	1492
1506	1468	1469
1467	1429	1468
1607	1606	1575
1607	1577	1578
1607	1578	1633
1607	1633	1606
1245	1246	1288
1245	1287	1244
1245	1288	1287
1245	1244	1201
1245	1201	1202
1245	1202	1246
1456	1455	1417
1456	1457	1494
1456	1493	1455
1456	1494	1493
1416	1417	1455
1416	1455	1454
1416	1454	1415
1416	1415	1376
1416	1376	1377
1416	1377	1417
1418	1457	1456
1418	1456	1417
1068	1022	1023
1068	1023	1069
926	927	973
926	973	972
926	972	925
926	880	881
926	881	927
1160	1161	1206
1160	1206	1205
1160	1115	1161
1160	1159	1115
1160	1205	1204
1160	1204	1159
743	697	698
743	698	744
827	873	826
827	826	780
827	780	781
827	781	828
827	874	873
827	828	874
966	920	967
966	967	1013
919	873	920
919	918	872
919	872	873
919	965	918
919	966	965
919	920	966
1012	1058	1011
1012	1013	1059
1012	1059	1058
1012	966	1013
1012	1011	965
1012	965	966
794	795	840
794	839	793
794	840	839
610	655	654
470	514	469
470	425	426
470	469	425
470	426	471
470	471	515
470	515	514
879	878	832
879	925	878
879	926	925
879	880	926
687	688	733
687	642	688
687	641	642
687	686	641
687	732	686
687	733	732
779	825	778
779	778	733
779	826	825
779	780	826
779	734	780
779	733	734
253	214	254
253	213	214
253	254	294
253	252	213
253	293	252
253	294	293
212	174	175
212	175	213
212	213	252
212	211	174
212	252	251
212	251	211
418	375	419
376	419	375
376	332	333
376	375	332
376	333	377
376	377	419
464	508	507
464	465	508
464	421	465
506	507	552
506	552	551
506	462	507
506	551	505
506	461	462
506	505	461
459	503	458
459	415	416
459	458	415
459	416	460
459	460	504
459	504	503
364	365	408
364	408	407
322	364	321
322	323	365
322	365	364
279	321	320
279	320	278
279	278	238
243	283	242
243	205	244
243	284	283
243	244	284
204	167	205
204	205	243
204	243	242
412	456	455
412	413	456
412	369	413
412	455	411
370	413	369
370	369	327
370	327	328
370	328	371
370	371	414
370	414	413
366	410	409
366	367	410
366	409	365
366	365	323
368	326	369
368	411	367
368	369	412
368	412	411
368	325	326
368	367	325
770	771	817
587	632	586
587	542	588
587	541	542
587	586	541
633	678	632
633	679	678
633	587	588
633	632	587
728	682	729
728	681	682
728	727	681
199	237	198
199	162	200
199	200	238
199	238	237
236	237	277
236	277	276
236	198	237
236	276	235
236	235	197
236	197	198
275	276	317
275	235	276
357	315	358
357	314	315
357	358	401
154	153	117
85	84	53
85	53	54
161	125	162
161	199	198
161	162	199
161	198	160
161	160	124
161	124	125
447	491	446
447	492	491
447	448	492
447	446	403
445	444	401
445	489	444
445	446	490
445	490	489
406	449	405
406	407	450
406	450	449
406	405	362
360	403	359
360	359	317
360	317	318
319	277	278
319	318	277
319	278	320
319	320	362
83	52	84
83	117	82
83	82	51
83	51	52
116	153	152
116	117	153
116	82	117
116	152	115
116	115	81
116	81	82
187	225	186
187	186	150
187	188	225
187	151	188
187	150	151
721	675	722
721	768	767
721	722	768
724	771	770
676	722	675
676	675	630
676	630	631
858	813	859
858	812	813
858	859	904
858	857	812
858	904	903
858	903	857
628	583	629
628	629	673
628	673	627
628	582	583
628	627	582
672	626	627
672	627	673
672	673	719
532	531	487
532	487	488
532	577	531
532	578	577
533	579	578
533	578	532
533	488	489
533	532	488
580	625	579
580	535	581
580	581	626
580	626	625
668	622	623
668	623	669
715	714	668
715	668	669
856	857	902
856	902	901
856	901	855
854	853	807
854	855	901
759	713	760
759	760	806
759	806	805
759	712	713
666	713	712
666	712	711
394	437	393
523	569	568
523	568	522
523	522	478
435	391	392
435	434	391
436	393	437
436	437	481
436	481	480
436	480	435
436	392	393
436	435	392
796	842	841
796	841	795
796	843	842
750	796	795
752	751	705
664	663	618
529	485	530
529	530	575
529	575	574
309	268	310
309	352	351
309	310	352
309	267	268
265	225	226
265	226	266
350	351	394
350	394	393
430	431	474
430	429	387
430	473	429
430	474	473
430	387	388
430	388	431
518	517	474
518	474	519
518	562	517
521	522	567
521	567	566
521	566	520
521	520	476
477	432	433
477	476	432
477	521	476
477	433	478
477	478	522
477	522	521
585	540	586
585	631	630
585	586	631
585	630	629
585	629	584
585	584	539
585	539	540
1395	1396	1435
1395	1355	1396
1395	1354	1355
1352	1353	1393
1352	1351	1310
1352	1392	1351
1352	1393	1392
1352	1311	1353
1352	1310	1311
1473	1510	1472
1473	1435	1474
1391	1392	1431
1391	1390	1350
1391	1351	1392
1391	1350	1351
1430	1429	1390
1430	1431	1469
1430	1390	1391
1430	1391	1431
1430	1469	1468
1430	1468	1429
1388	1347	1348
1388	1387	1347
1388	1427	1387
1345	1344	1303
1345	1303	1304
1345	1304	1346
1345	1346	1386
1043	1042	997
1043	1089	1088
1043	1088	1042
1043	1044	1089
1043	997	998
1043	998	1044
951	997	996
861	907	860
861	815	862
861	860	814
861	814	815
908	861	862
908	907	861
816	862	815
816	770	817
816	815	769
816	769	770
865	864	819
865	819	820
865	820	866
865	866	911
1138	1139	1183
1138	1094	1139
1138	1183	1182
1138	1182	1137
1091	1135	1090
1095	1140	1139
1095	1139	1094
1095	1094	1049
1095	1049	1050
1003	1004	1049
1003	1002	957
1003	958	1004
1003	957	958
1048	1049	1094
1048	1002	1003
1048	1003	1049
1177	1132	1133
1177	1176	1132
1177	1221	1176
1177	1222	1221
1307	1349	1348
1307	1308	1349
1265	1266	1308
1265	1264	1221
1265	1308	1307
1265	1307	1264
1265	1222	1266
1265	1221	1222
1309	1266	1267
1309	1267	1310
1309	1308	1266
1309	1310	1351
1309	1351	1350
1309	1350	1308
1224	1268	1267
1224	1225	1268
1224	1180	1225
1226	1227	1270
1226	1182	1227
1226	1270	1269
1226	1269	1225
1136	1180	1135
1136	1135	1091
145	146	182
145	110	146
145	109	110
1548	1579	1547
1548	1514	1549
1548	1513	1514
1548	1547	1513
1580	1608	1579
1580	1579	1548
1642	1659	1641
1642	1616	1643
1642	1615	1616
1642	1641	1615
1660	1643	1661
1660	1642	1643
1660	1659	1642
1660	1674	1659
1660	1675	1674
1660	1661	1675
1658	1641	1659
1658	1640	1641
1658	1657	1640
1658	1672	1657
1658	1673	1672
1658	1659	1673
1656	1655	1638
1656	1670	1655
1656	1671	1670
1656	1657	1671
1446	1485	1484
1446	1447	1485
1446	1484	1445
1446	1407	1447
1446	1406	1407
1446	1445	1406
1609	1610	1635
1609	1580	1610
1609	1608	1580
1634	1635	1651
1634	1608	1609
1634	1609	1635
1583	1551	1584
1583	1582	1550
1583	1550	1551
1583	1612	1582
1583	1613	1612
1583	1584	1613
1585	1614	1584
1585	1615	1614
1585	1586	1615
1585	1553	1586
1585	1552	1553
1585	1584	1552
1517	1481	1482
1517	1482	1518
1517	1516	1481
1517	1551	1516
1517	1552	1551
1517	1518	1552
1619	1618	1589
1619	1645	1618
1619	1646	1645
1619	1620	1646
1588	1617	1587
1588	1556	1589
1588	1589	1618
1588	1618	1617
1588	1587	1555
1588	1555	1556
1190	1234	1233
1190	1145	1191
1476	1439	1477
1440	1439	1400
1440	1479	1478
1440	1478	1439
597	642	596
597	551	552
597	596	551
597	552	598
597	598	643
597	643	642
255	254	215
255	215	256
255	256	297
255	295	254
296	339	338
296	297	339
296	255	297
296	338	295
296	295	255
257	217	258
257	298	256
257	256	217
257	299	298
257	258	299
144	143	108
144	180	143
144	181	180
144	108	109
144	109	145
144	182	181
144	145	182
1025	979	1026
1025	1024	978
1025	978	979
1025	1071	1024
1025	1072	1071
1025	1026	1072
1208	1163	1209
1208	1252	1207
1208	1207	1162
1208	1162	1163
1208	1209	1253
1208	1253	1252
1385	1384	1344
1385	1345	1386
1385	1344	1345
1306	1264	1307
1306	1307	1348
1306	1347	1305
1306	1348	1347
1263	1262	1219
1263	1219	1220
1263	1220	1264
1263	1264	1306
1263	1305	1262
1263	1306	1305
1339	1297	1340
1339	1338	1297
1337	1295	1338
1337	1336	1294
1337	1294	1295
1337	1377	1336
1381	1380	1339
1381	1339	1340
1341	1342	1382
1341	1340	1299
1341	1381	1340
1341	1382	1381
1341	1300	1342
1341	1299	1300
1298	1297	1254
1298	1254	1255
1298	1340	1297
1298	1299	1340
1298	1255	1256
1298	1256	1299
1631	1632	1650
1631	1603	1632
1123	1122	1078
1123	1124	1168
1123	1168	1167
1123	1167	1122
1079	1080	1124
1079	1034	1080
1079	1124	1123
1079	1123	1078
1033	987	1034
1033	1034	1079
1033	1032	986
1033	986	987
1033	1078	1032
1033	1079	1078
1083	1128	1082
1083	1084	1129
1083	1129	1128
1083	1082	1036
1039	994	1040
1039	1040	1085
1039	1085	1084
947	902	948
947	901	902
894	895	940
894	848	849
894	849	895
889	935	888
889	842	843
889	888	842
890	889	843
893	848	894
754	801	800
754	755	801
754	708	755
754	800	753
754	753	707
754	707	708
1030	1031	1076
1030	1076	1075
1030	1075	1029
1030	985	1031
1561	1562	1593
1528	1527	1492
1528	1561	1527
1528	1562	1561
1528	1492	1493
1563	1594	1562
1563	1595	1594
1597	1566	1598
1597	1598	1626
1597	1625	1596
1597	1626	1625
1507	1508	1543
1507	1506	1469
1507	1469	1470
1507	1470	1508
1541	1575	1574
1466	1467	1504
1505	1468	1506
1505	1467	1468
1505	1504	1467
1505	1506	1541
1428	1429	1467
1428	1427	1388
1428	1466	1427
1428	1467	1466
1576	1577	1607
1576	1607	1575
1576	1543	1577
1573	1574	1605
1573	1605	1604
1379	1339	1380
1379	1338	1339
1067	1021	1022
1067	1022	1068
1067	1066	1021
1067	1068	1112
1067	1111	1066
1067	1112	1111
1113	1069	1114
1113	1068	1069
1113	1112	1068
1113	1114	1158
1113	1158	1157
1113	1157	1112
656	702	655
656	610	611
656	655	610
656	703	702
701	655	702
701	702	747
701	700	655
701	746	700
701	747	746
748	747	702
748	793	747
748	794	793
748	795	794
564	519	520
565	566	611
565	611	610
565	520	566
565	564	520
786	740	787
786	832	785
786	785	739
786	739	740
789	790	835
789	744	790
789	743	744
741	787	740
741	694	695
741	740	694
834	835	880
834	789	835
833	879	832
833	832	786
833	786	787
833	787	834
833	880	879
833	834	880
417	374	375
417	375	418
417	462	461
417	418	462
463	464	507
463	419	464
463	507	462
463	462	418
463	418	419
420	421	464
420	464	419
420	419	377
420	377	378
420	378	421
324	366	323
324	323	282
324	282	283
324	283	325
324	325	367
324	367	366
726	773	772
726	727	773
635	590	636
635	589	590
635	636	681
774	729	775
774	728	729
774	775	820
774	820	773
774	773	727
774	727	728
316	275	317
316	317	359
316	359	358
316	358	315
356	314	357
356	399	398
356	398	355
400	357	401
400	399	356
400	356	357
400	443	442
400	442	399
400	444	443
400	401	444
313	314	356
313	356	355
274	316	315
274	275	316
123	89	124
123	124	160
270	230	271
191	192	230
191	154	192
191	190	153
191	153	154
118	154	117
118	83	84
118	117	83
404	447	403
404	403	360
404	405	448
404	448	447
402	445	401
402	358	359
402	401	358
402	359	403
402	403	446
402	446	445
363	321	364
363	406	362
363	364	407
363	407	406
363	362	320
363	320	321
720	719	674
720	674	675
720	675	721
720	765	719
677	632	678
677	678	724
677	631	632
677	676	631
671	626	672
671	670	625
671	625	626
534	579	533
534	490	535
534	489	490
534	533	489
534	535	580
534	580	579
810	857	856
810	856	855
810	855	809
900	854	901
900	946	899
900	899	853
900	853	854
900	901	947
900	947	946
758	712	759
758	757	712
758	805	804
758	759	805
758	803	757
758	804	803
667	713	666
667	714	713
667	668	714
667	622	668
667	621	622
667	666	621
665	666	711
665	664	620
665	620	621
665	621	666
397	398	441
397	441	440
397	355	398
482	481	437
524	569	523
395	394	351
395	351	352
479	435	480
479	480	524
479	524	523
479	523	478
479	478	434
479	434	435
797	843	796
797	751	752
797	750	751
797	796	750
704	658	705
704	705	751
704	751	750
704	750	703
612	613	658
612	567	613
612	611	566
612	566	567
619	664	618
619	620	664
619	575	620
619	574	575
710	711	756
710	756	755
710	665	711
710	664	665
706	660	707
706	752	705
706	707	753
706	753	752
659	705	658
659	706	705
659	660	706
659	658	613
264	304	263
264	263	224
264	224	225
264	225	265
306	265	266
308	266	267
308	267	309
308	309	351
308	351	350
1394	1433	1393
1394	1393	1353
1394	1353	1354
1394	1354	1395
1511	1510	1473
1511	1512	1546
1511	1546	1510
1511	1474	1512
1511	1473	1474
1434	1472	1433
1434	1473	1472
1434	1435	1473
1434	1433	1394
1434	1395	1435
1434	1394	1395
1389	1388	1348
1389	1349	1390
1389	1348	1349
1389	1390	1429
1389	1429	1428
1389	1428	1388
950	951	996
950	949	904
950	996	995
950	995	949
905	904	859
905	950	904
905	951	950
953	999	998
909	908	862
1092	1137	1136
1092	1136	1091
1096	1141	1140
1096	1140	1095
1096	1097	1141
1096	1095	1050
1096	1051	1097
1096	1050	1051
1223	1224	1267
1223	1267	1266
1223	1266	1222
1179	1180	1224
1179	1135	1180
1179	1224	1223
1181	1182	1226
1181	1180	1136
1181	1225	1180
1181	1226	1225
1181	1137	1182
1181	1136	1137
1581	1610	1580
1581	1582	1611
1581	1611	1610
1581	1549	1582
1581	1548	1549
1581	1580	1548
1639	1656	1638
1639	1613	1640
1639	1640	1657
1639	1657	1656
1639	1612	1613
1639	1638	1612
1558	1557	1523
1590	1620	1619
1590	1591	1620
1590	1619	1589
1590	1558	1591
1590	1589	1557
1590	1557	1558
1592	1621	1620
1592	1620	1591
1592	1593	1621
1592	1561	1593
1189	1190	1233
1189	1144	1145
1189	1145	1190
1438	1400	1439
1438	1439	1476
1441	1479	1440
1441	1480	1479
1441	1442	1480
1401	1440	1400
1401	1441	1440
1281	1237	1238
1281	1238	1282
1281	1282	1324
1280	1322	1321
1280	1237	1281
1280	1281	1322
1426	1386	1387
1426	1387	1427
1495	1496	1531
1495	1494	1457
1037	1083	1036
1037	1036	990
1037	1084	1083
993	994	1039
993	1039	992
993	948	994
993	947	948
993	992	946
993	946	947
989	1036	1035
989	990	1036
989	943	990
989	988	943
989	1034	988
989	1035	1034
944	990	943
944	943	897
944	897	898
983	1029	982
847	800	801
847	848	893
847	802	848
847	801	802
939	894	940
939	893	894
939	940	985
1529	1562	1528
1529	1563	1562
1529	1528	1493
1529	1493	1494
1565	1597	1596
1565	1566	1597
1627	1626	1598
1627	1650	1649
1627	1649	1626
1542	1541	1506
1542	1507	1543
1542	1506	1507
1542	1543	1576
1542	1575	1541
1542	1576	1575
1540	1539	1504
1540	1504	1505
1540	1505	1541
1540	1541	1574
1540	1574	1573
1540	1573	1539
1572	1539	1573
1572	1573	1604
1572	1604	1603
1572	1603	1571
1378	1379	1418
1378	1417	1377
1378	1418	1417
1378	1377	1337
1378	1337	1338
1378	1338	1379
749	795	748
749	750	795
749	703	750
749	702	703
749	748	702
563	518	519
563	519	564
563	564	608
563	562	518
563	608	607
563	607	562
609	610	654
609	608	564
609	565	610
609	564	565
609	653	608
609	654	653
742	695	696
742	741	695
742	696	697
742	697	743
166	167	204
166	130	167
166	165	129
166	129	130
203	204	242
203	166	204
203	165	166
201	200	163
201	163	164
281	282	323
281	323	322
280	321	279
280	240	281
280	322	321
280	281	322
725	679	726
725	678	679
725	724	678
725	771	724
725	772	771
725	726	772
634	589	635
634	588	589
634	633	588
634	679	633
680	635	681
680	681	727
680	727	726
680	726	679
680	679	634
680	634	635
272	313	271
272	314	313
312	271	313
312	270	271
312	311	270
312	313	355
119	84	85
119	118	84
234	274	233
234	235	275
234	275	274
88	57	89
88	89	123
88	56	57
269	311	310
269	270	311
269	310	268
269	268	228
361	404	360
361	360	318
361	318	319
361	319	362
361	362	405
361	405	404
766	765	720
766	767	812
766	721	767
766	720	721
723	677	724
723	769	722
723	722	676
723	676	677
723	770	769
723	724	770
761	807	760
761	760	714
761	714	715
808	855	854
808	809	855
808	854	807
808	807	761
811	857	810
811	812	857
811	765	766
811	766	812
396	440	439
396	397	440
396	439	395
396	395	352
573	619	618
573	574	619
484	439	440
484	441	485
484	440	441
483	527	482
483	439	484
438	395	439
438	439	483
438	483	482
438	482	437
438	437	394
438	394	395
657	703	656
657	612	658
657	656	611
657	611	612
657	704	703
657	658	704
709	710	755
709	755	708
709	663	664
709	664	710
617	573	618
617	618	663
525	480	481
525	524	480
614	615	660
614	660	659
614	569	615
614	659	613
614	568	569
614	613	568
348	392	391
348	391	347
348	347	306
305	264	265
305	265	306
305	306	347
305	304	264
305	347	346
305	346	304
307	308	350
307	306	266
307	266	308
906	859	860
906	905	859
906	860	907
906	907	953
863	909	862
863	817	864
863	816	817
863	862	816
910	865	911
910	864	865
910	863	864
910	909	863
954	908	909
954	907	908
954	953	907
1093	1048	1094
1093	1094	1138
1093	1138	1137
1093	1137	1092
1046	1092	1091
1046	1093	1092
1178	1222	1177
1178	1223	1222
1178	1179	1223
1178	1177	1133
1134	1135	1179
1134	1133	1089
1134	1178	1133
1134	1179	1178
1134	1089	1090
1134	1090	1135
1559	1591	1558
1559	1592	1591
1399	1400	1438
1235	1278	1234
1235	1190	1191
1235	1234	1190
1323	1324	1365
1323	1363	1322
1323	1281	1324
1323	1322	1281
1402	1401	1361
1402	1441	1401
1402	1442	1441
1362	1321	1322
1362	1322	1363
1362	1402	1361
1465	1427	1466
1465	1426	1427
1383	1384	1423
1383	1382	1342
1383	1342	1343
1383	1343	1384
1424	1384	1385
1424	1423	1384
1424	1462	1423
1422	1382	1383
1422	1383	1423
1458	1459	1496
1458	1495	1457
1458	1496	1495
1499	1535	1534
1497	1496	1459
1532	1533	1566
1532	1565	1531
1532	1566	1565
1532	1531	1496
1532	1496	1497
1532	1497	1533
991	1037	990
991	990	944
1038	1039	1084
1038	1084	1037
1038	992	1039
1038	991	992
1038	1037	991
945	898	899
945	944	898
945	899	946
945	991	944
945	946	992
945	992	991
936	983	982
936	982	935
936	935	889
936	889	890
892	847	893
844	890	843
799	753	800
799	752	753
1564	1531	1565
1564	1565	1596
1564	1596	1595
1564	1595	1563
788	743	789
788	742	743
788	789	834
788	834	787
788	787	741
788	741	742
202	165	203
202	240	201
202	164	165
202	201	164
239	201	240
239	280	279
239	240	280
239	279	238
239	238	200
239	200	201
241	281	240
241	240	202
241	202	203
241	203	242
241	242	282
241	282	281
273	314	272
273	233	274
273	232	233
273	272	232
273	315	314
273	274	315
353	397	396
353	396	352
353	310	311
353	352	310
354	355	397
354	312	355
354	397	353
354	311	312
354	353	311
155	193	192
155	192	154
155	154	118
155	118	119
196	197	235
196	235	234
120	119	85
122	88	123
229	230	270
229	270	269
229	191	230
229	269	228
229	228	190
229	190	191
717	670	671
716	717	763
716	670	717
716	669	670
716	715	669
764	810	809
764	809	763
764	765	811
764	811	810
528	527	483
528	483	484
528	529	574
528	574	573
528	485	529
528	484	485
661	660	615
661	707	660
661	708	707
526	482	527
526	481	482
526	525	481
349	307	350
349	393	392
349	350	393
349	392	348
349	348	306
349	306	307
952	906	953
952	953	998
952	951	905
952	905	906
952	998	997
952	997	951
955	909	910
955	954	909
1047	1002	1048
1047	1048	1093
1047	1093	1046
1045	1044	999
1045	999	1046
1045	1046	1091
1045	1090	1044
1045	1091	1090
1525	1489	1526
1525	1526	1559
1525	1488	1489
1560	1561	1592
1560	1592	1559
1560	1559	1526
1560	1526	1527
1560	1527	1561
1236	1191	1192
1236	1235	1191
1236	1192	1237
1236	1237	1280
1277	1234	1278
1320	1361	1319
1320	1278	1321
1320	1277	1278
1320	1319	1277
1320	1362	1361
1320	1321	1362
1364	1323	1365
1364	1363	1323
1364	1405	1404
1364	1365	1405
1403	1364	1404
1403	1363	1364
1403	1404	1442
1403	1442	1402
1403	1362	1363
1403	1402	1362
1538	1539	1572
1538	1572	1571
1425	1424	1385
1425	1385	1386
1425	1386	1426
1599	1627	1598
1569	1535	1536
1419	1457	1418
1419	1458	1457
1419	1418	1379
1419	1379	1380
1460	1497	1459
1498	1534	1533
1498	1533	1497
1498	1499	1534
1498	1497	1460
846	847	892
846	892	845
846	800	847
846	799	800
846	845	799
938	893	939
938	892	893
798	845	844
798	799	845
798	843	797
798	844	843
798	797	752
798	752	799
1530	1531	1564
1530	1529	1494
1530	1563	1529
1530	1564	1563
1530	1495	1531
1530	1494	1495
194	233	232
194	232	193
231	272	271
231	232	272
231	193	232
231	271	230
231	230	192
231	192	193
159	196	158
159	122	123
159	158	122
159	123	160
159	160	197
159	197	196
86	120	85
86	54	55
86	85	54
718	671	672
718	717	671
718	672	719
718	763	717
718	764	763
718	719	765
718	765	764
762	716	763
762	808	761
762	761	715
762	715	716
762	809	808
762	763	809
616	661	615
662	708	661
662	617	663
662	616	617
662	661	616
662	709	708
662	663	709
956	955	910
956	911	957
956	910	911
956	957	1002
1001	1002	1047
1001	956	1002
1001	955	956
1001	954	955
1524	1559	1558
1524	1525	1559
1524	1558	1523
1524	1488	1525
1524	1523	1487
1524	1487	1488
1279	1280	1321
1279	1236	1280
1279	1321	1278
1279	1278	1235
1279	1235	1236
1276	1233	1234
1276	1234	1277
1360	1319	1361
1360	1359	1319
1360	1401	1400
1360	1361	1401
1360	1400	1399
1360	1399	1359
1537	1538	1571
1464	1426	1465
1464	1425	1426
1567	1598	1566
1567	1599	1598
1567	1566	1533
1567	1533	1534
1570	1569	1536
1570	1536	1537
1570	1537	1571
1628	1650	1627
1628	1629	1650
1628	1627	1599
1628	1599	1600
1628	1600	1629
1630	1631	1650
1630	1650	1629
1420	1419	1380
1420	1380	1381
1420	1459	1458
1420	1458	1419
1461	1460	1422
1461	1423	1462
1461	1422	1423
1461	1462	1499
1461	1499	1498
1461	1498	1460
984	939	985
984	938	939
984	985	1030
984	1030	1029
984	1029	983
891	892	938
891	845	892
891	890	844
891	844	845
195	233	194
195	158	196
195	234	233
195	196	234
157	158	195
157	195	194
87	88	122
87	56	88
87	55	56
87	86	55
572	526	527
572	573	617
572	527	528
572	528	573
571	525	526
571	526	572
571	617	616
571	572	617
1000	954	1001
1000	999	953
1000	953	954
1000	1046	999
1000	1047	1046
1000	1001	1047
1318	1319	1359
1318	1277	1319
1318	1276	1277
1500	1499	1462
1500	1536	1535
1500	1535	1499
1463	1424	1425
1463	1425	1464
1463	1462	1424
1463	1500	1462
1503	1539	1538
1503	1504	1539
1503	1466	1504
1503	1465	1466
1502	1538	1537
1502	1503	1538
1502	1464	1465
1502	1465	1503
1568	1600	1599
1568	1599	1567
1568	1569	1600
1568	1567	1534
1568	1534	1535
1568	1535	1569
1601	1569	1570
1601	1600	1569
1601	1629	1600
1601	1630	1629
1421	1460	1459
1421	1459	1420
1421	1422	1460
1421	1420	1381
1421	1381	1382
1421	1382	1422
937	891	938
937	984	983
937	938	984
937	983	936
937	936	890
937	890	891
156	120	157
156	193	155
156	194	193
156	157	194
156	155	119
156	119	120
121	87	122
121	122	158
121	158	157
121	157	120
121	120	86
121	86	87
570	525	571
570	615	569
570	616	615
570	571	616
570	569	524
570	524	525
1501	1502	1537
1501	1537	1536
1501	1536	1500
1501	1500	1463
1501	1463	1464
1501	1464	1502
1602	1601	1570
1602	1571	1603
1602	1570	1571
1602	1603	1631
1602	1631	1630
1602	1630	1601